name	Fold change	p-value	G2-1	G2-2	G2-3	G2-4	G2-5	G2-6	G2-7	G2-8	G2-9	G2-10	G3-1	G3-2	G3-3	G3-4	G3-5	G3-6	G3-7	G3-8	G3-9	G3-10
M103T278	0.166953829	0.002922006	511.8900825	7774.157473	7993.626	3554.753143	3429.290975	2771.041559	3769.524784	8253.20705	16167.26549	5473.464017	4775.971429	51131.91353	14092.4988	90968.63118	50710.35754	58744.94751	23503.39007	32732.41354	7531.160748	23381.9494
M141T333_2	1.669759487	0.002605023	8926254.334	14313125.78	13245076.01	16026679.67	14294826.19	10892556.11	14799835.87	15199383.48	13953700.39	14433917.47	13453984.29	6891176.664	17600859.43	6969280.248	3765187.969	5163487.525	7127510.931	9140275.41	2839044.974	8549166.858
M257T423	0.479041826	0.047739223	9515.197579	171139.0177	66194.88694	160547.0146	123202.4555	82530.80468	71242.19631	56792.36273	113196.7018	117747.9596	292545.8498	96888.50841	98988.20314	115091.432	546766.6053	157754.8349	335121.0093	166505.6687	52166.9301	167448.0357
M313T81	0.438730977	0.008412881	7882.719352	51991.12678	44081.56083	8155.502296	23567.2331	20573.29476	18623.25037	22842.77816	16631.63117	14363.87295	57849.67521	21407.79007	15779.50293	53486.84721	29313.84548	46710.68394	101758.5978	40979.4377	65727.72655	88291.61744
M295T58	0.522964466	0.030832591	40939.096	438006.7338	296058.6817	81532.61915	340471.8126	533308.5907	392343.9432	512885.8085	53987.25701	114771.142	253385.0631	201121.3023	441193.4525	710477.4794	186131.5252	854222.419	1050666.43	536895.2824	473034.3525	655198.1807
M346T409	1.727292974	0.03565447	14546.75893	375677.6377	151755.2316	234769.4559	343095.2648	175555.2321	199037.2746	123939.5516	142457.1241	181048.3402	159703.1636	122428.1764	118386.8916	54864.32801	130121.427	156136.9314	124397.515	108908.598	16509.43612	132777.7542
M132T407_2	2.050689496	0.006202175	64129.71232	1798563.824	1736838.825	1889916.536	3427092.687	2733115.486	2571833.774	1889634.766	1486694.39	1785139.93	1954046.789	1120965.131	1288693.931	390385.3756	873465.5496	1186436.402	1009987.917	543536.49	255772.6895	828633.0738
M265T296	0.175824562	0.000123712	8536.460575	7533.325272	2098.379025	4402.956347	9810.50652	3496.285737	4186.337121	5508.054246	715.9863952	7741.406649	7893.100236	25811.26031	23735.37262	54599.8187	34326.99787	54680.29143	43695.98201	26838.90003	11061.53196	24649.97675
M165T148	2.237760778	0.004903908	109311.4015	45944.10435	139218.6878	318760.9273	205365.3261	158700.8027	104951.5337	178550.4989	254191.6874	313948.735	135628.2085	81768.82168	25192.27786	55349.02788	55297.4209	81701.59966	94184.64683	158333.502	36813.81928	93040.42662
M89T296	0.411700861	0.001442311	10353.9707	57998.98158	23960.26493	41861.76949	51252.07828	48603.24134	58642.98911	25279.15915	32530.13205	48174.62587	16481.04422	96351.9284	78436.31826	162971.1743	109292.3525	158195.7986	111392.6426	113365.2545	51378.00776	70453.13485
M149T151	1.641870354	0.013134841	4105.322164	206891.7823	169572.9238	208148.6339	221199.4275	157081.0144	232208.6663	176829.7497	160674.1238	201826.9873	109779.7932	135112.2693	97650.04753	109946.1473	89389.50574	150465.5749	156010.7516	118893.9108	2136.673431	89492.25114
M114T306	1.697729788	0.007910981	5775.590545	296849.5088	349878.7404	315766.4033	453868.3908	423900.3012	364413.4042	328193.315	330409.1873	476992.7842	178222.1148	224384.0298	227839.6284	239823.5831	139041.3687	320236.4941	219427.1014	155477.3282	86127.20507	180316.4259
M181T295_3	0.01992623	0.000265544	6225.886807	107262.8638	97615.74049	130230.0784	101050.9825	154684.4891	217601.782	89155.86456	368566.9473	108659.759	230513.801	8334612.786	3903437.345	16443993.38	9801728.243	11624393.51	6522035.716	3273864.71	3606470.909	5567314.76
M611T497	1.905495908	0.037243936	112402.3468	1855459.17	482272.8968	1696415.965	955674.5878	425112.0301	857930.139	610872.671	1053140.049	1538585.342	389005.7847	407019.0233	593537.7029	487912.5508	525410.7298	904995.6745	572504.698	891238.7059	48107.52781	211957.8618
M282T260	2.244673205	0.006576	42432.28886	983806.1811	764069.2199	1327299.879	1223468.472	778759.261	955052.9608	245508.335	849992.04	1098011.025	566430.7969	774771.7941	102975.0488	217698.1089	371134.4508	639596.2838	372405.771	418742.1268	21517.02521	198293.5968
M212T29	3.239318687	0.004543142	234037.7544	175548.4795	989695.5382	102555.927	949767.7116	684819.3194	1103319.768	740131.9788	1393197.093	431266.3261	481689.2904	170004.8863	122424.8589	431461.2868	151974.6912	300713.7194	59614.42321	100950.0942	132483.1454	149230.2172
M88T406_2	2.408883875	0.005519605	11805.04706	283874.0597	606565.0532	526646.7592	1040027.61	648624.1715	749724.4562	457535.8507	262700.282	654572.1682	330320.1099	189454.6496	219111.0649	59753.45036	165751.6117	313097.0387	380860.0604	282684.8526	92096.22805	143013.7986
M173T501_2	1.542611406	0.0158118	4515.466797	229980.3675	196191.1864	191815.5808	308665.27	248062.3198	250449.9975	187837.9359	194012.0551	216022.4425	133647.7756	168860.53	138672.0931	113285.6113	117739.5702	146532.0995	170015.0804	152989.0754	81303.52289	91318.46293
M225T359_2	3.319451815	4.71E-06	116469.1368	93872.32563	70778.4781	124382.4042	140365.573	100826.3185	112008.6195	53577.84856	132830.2781	108109.0681	4887.622987	67916.97398	28115.55143	21707.10943	63593.62309	5470.617141	57071.98913	38725.28848	6866.043797	22932.52468
M146T400_2	1.528986855	0.029021522	141199.1023	3659763.504	3731880.265	4479020.829	5149499.83	4427368.731	4368319.894	2645574.887	3704136.97	3880054.123	2836167.449	3126305.039	1847343.376	2526543.741	2760024.706	3990928.505	2462710.699	1347753.35	763176.0265	2006234.313
M203T394	0.101720911	0.03204936	2289.990003	5653.297362	2376.589856	4763.756711	3568.80743	3057.589951	6022.074285	10679.69064	5935.467293	7736.252327	5444.207966	44454.9451	59959.67504	47471.12126	219687.3676	41773.37409	21704.01727	53775.23429	4864.607669	12889.1341
M130T260_2	2.182494616	0.00112839	104304.5372	4962987.519	4194188.959	5655212.87	5769257.48	5214049.898	4078419.269	2901033.939	4200698.619	5475674.03	1722195.595	2816456.202	1790629.736	1916487.804	1662618.06	2582550.941	3112699.524	2182702.182	301833.6369	1410535.183
M145T509_2	1.535014886	0.020527576	24934.46811	490036.9088	421958.6291	549134.3175	739034.5376	621302.7953	490638.5407	421582.2635	411027.8084	537067.8104	290211.6063	450228.1436	383569.7266	224486.9158	267779.5636	332973.2971	369133.8328	296706.1027	156765.2705	294381.6551
M148T279_2	1.939289661	0.004572695	4969.310176	179087.7363	122509.7081	196124.8939	241493.6743	193825.3111	174585.522	103229.8458	138885.0122	194739.2376	75951.25199	123809.4506	72461.40699	72013.77093	65829.07072	101941.3396	111121.9707	92522.83506	11336.33828	71990.8109
M164T252	2.100104733	0.001575039	72470.17532	2470058.539	2097927.699	3024629.819	3317580.218	2703289.074	2293909.013	1478610.913	2245936.979	2725101.973	963856.4206	1563503.294	1003435.711	1111953.729	940467.0018	1334651.488	1610132.269	1077595.434	220267.1562	854325.9884
M128T400	1.560966944	0.023454839	59183.16085	1471851.028	1396075.437	1755651.627	2004783.579	1687553.471	1658820.492	1024345.73	1437389.31	1571549.222	1030519.262	1163527.462	737214.8336	944134.5029	1041661.873	1572090.604	963643.8046	535916.0889	276132.8824	747010.6766
M163T295	0.013409862	0.000216556	512.3106446	3358.595419	2506.949035	2323.341961	1709.625959	3195.127993	5503.843737	2593.585739	9011.064228	1646.307669	7773.945021	303585.5759	138721.2763	543210.1961	363829.4687	416418.426	217197.9159	113651.9692	122245.5722	186571.1639
M118T348_2	1.62142446	0.029916941	4622.819782	268062.9152	247368.6625	307663.9289	444318.1253	261696.1017	257431.3322	176346.3377	333453.2525	308855.1145	157092.1925	211474.1065	135010.8939	189332.708	161574.6173	305186.8848	166427.7315	113879.2611	26300.90667	143304.5261
M203T254_1	2.989116919	0.011082811	19636.0175	104990.7894	78723.14324	369204.7563	149979.9015	137251.5339	94264.06407	64129.10643	184856.7948	280316.7757	41325.51246	82930.65518	31328.16773	44291.90545	33196.52386	62081.12184	67578.51428	106802.7396	1320.765447	25395.30243
M180T297_2	2.307385546	0.005653181	19357.1891	121161.4726	116768.551	282326.9442	156574.6037	179483.8044	119512.0508	84286.65599	241548.2582	239003.3886	62881.52437	94744.39277	46041.77971	69763.3905	46556.71353	77759.49078	73653.51304	151005.6312	9742.472763	43950.89674
M241T63	1.429557235	0.02281873	824021.1558	874466.2225	586292.8524	516340.7374	497329.2476	741200.1737	500094.3569	472443.8698	450876.9261	502774.9375	362987.3511	499790.3766	665046.8617	440776.7028	427902.2812	604377.657	425546.1818	363036.7352	60803.4711	322940.9335
M116T297_2	2.003820968	0.0015836	8826.871569	1589093.263	1467596.199	1413236.212	2011916.782	1849652.742	1506716.749	1162464.847	1324588.472	1726964.434	808770.9986	915189.9209	793674.2127	629473.4556	581676.2894	792014.8309	1040938.96	640386.469	165375.0429	649622.0046
M303T453	2.119972867	0.022787256	58256.63119	2315060.541	1440263.99	1640371.291	3561855.821	1523098.763	1734765.248	685055.3201	1969716.356	2925523.108	773208.0962	908531.7599	1259271.012	634493.2192	122752.0027	2313945.761	705797.4782	1150073.713	78595.99764	475121.3278
M190T201	2.119457808	0.002302526	8527.011228	162814.9845	102232.2552	184134.0973	169340.8722	107594.4374	163815.3252	103837.535	142473.0283	174215.7967	78312.64898	101466.0865	35950.20564	53114.09927	73239.97362	100455.8826	45389.63205	90833.79512	3053.340876	40506.39259
M281T79	1.6421342	0.040912605	466916.4748	5094235.997	2868058.334	3095866.693	967463.2714	3566130.078	3202877.348	2728602.459	2375807.988	2318563.296	2308423.745	563112.6704	2218015.569	1240095.563	1990315.83	825122.8423	1149870.157	2416995.479	965840.7345	2572110.696
M218T274	2.038810641	0.006057527	114921.8754	562165.6936	506221.3364	267393.382	755115.0195	484515.3397	682688.2653	403792.5231	690924.9369	1003716.003	261524.865	343620.0551	203415.4304	321585.2255	192154.4666	532157.3968	285635.9388	179264.5647	59395.26235	304896.8915
M242T382	1.632694829	0.01875492	86537.24163	637683.9712	620279.8889	756449.4739	410890.0145	460086.986	624324.7203	397732.4399	794359.6695	469698.0606	256577.0734	324120.0024	243736.4039	416404.2454	283834.9202	530845.5303	321372.2923	507649.0643	51340.506	284588.5848
M243T240	1.941934102	0.00452204	7124.76905	88278.14948	118659.1987	100492.1076	151706.036	153448.958	109454.9007	100750.9541	118063.0309	128008.2701	130908.0785	56245.04622	45945.23453	56839.05525	36238.54354	65352.22633	41256.29031	54666.49215	15717.89465	50910.89518
M102T400_2	1.540244311	0.025360023	27766.49373	720880.5622	709376.7372	878555.9551	989696.9488	863774.805	855768.2015	525860.7062	724832.9307	788812.5034	539808.907	599087.0926	368623.3765	485053.7804	523089.5388	788440.8178	471738.3062	273298.2222	156999.5802	393991.5356
M214T390	1.579680342	0.024518765	32332.8668	2748891.492	2629626.077	2953314.682	1915936.61	2196912.037	2963987.984	1709729.211	3087726.402	1946423.914	1122257.283	1614518.164	1247718.006	1648778.566	1540937.278	2165570.07	1578496.519	1600086.742	172164.0577	1353378.705
M241T36	0.005414183	0.000480111	4507.251662	1715.524419	54090.23297	1884.788829	95168.55373	102010.0661	2186.728112	2222.673051	150148.6243	146520.0045	26740.07893	14229797.34	18877563.85	7199013	17651835.75	14893186.67	14810386.48	396462.9068	77275.16257	15353716.54
M307T28	4.144128368	0.007991928	146571.2634	395006.4461	282157.2243	580620.7205	107376.702	673991.9814	323334.8261	337529.3169	417186.4475	78297.96717	606200.6001	1358.714165	23566.37182	14366.51995	24656.90832	854.6628965	31026.33257	53906.69046	27985.87739	22537.11279
M327T40	1.739603249	0.058768408	2786176.688	11283611.99	5950498.396	5424624.631	5106528.673	4715226.007	16254069.98	6539207.849	5571615.752	4442377	6230701.006	4853948.34	2660386.767	6416465.375	3207694.962	2631174.648	7290483.14	3107290.109	547521.386	2186209.319
M134T160	0.493579404	0.063554956	62880.15561	30108.72442	28732.58715	45098.28168	31920.47705	41048.87905	22837.5495	20180.61087	44751.35844	42548.71354	64948.62558	46192.67838	9280.8566	167383.0848	161159.2876	123936.3493	28666.70067	51320.48545	3663.852564	93291.63885
M251T179	1.618813734	0.06295259	10649.35971	200740.8709	152831.4682	80186.97646	278353.2541	157251.3576	209305.1515	242234.1303	124372.3172	157368.0775	228110.9323	98194.82706	137967.9612	89525.56755	59717.71641	78677.76443	141992.7762	61072.89766	5469.386837	95859.79022
M339T437	3.618919632	0.056216126	841.1397297	121492.99	34329.04419	299813.288	23699.39283	86237.94532	127861.0592	97052.27277	144761.673	550168.881	95403.02518	59597.38351	61554.68037	28303.91827	67307.15528	29264.25367	18711.95447	37735.53202	2564.155033	10248.93206
M239T389_2	1.516014789	0.055131908	6622.326773	178600.9411	364338.6335	270792.1061	333666.1259	215231.2993	260112.5947	322287.0317	430832.8798	194846.1728	159719.9867	247832.9913	160248.8607	204409.4042	135668.3949	276162.3353	94125.94534	170857.6509	60112.73728	190930.9339
M199T50_2	0.705356621	0.069670518	329511.5785	701232.859	676357.7991	236403.9408	695361.533	784454.9294	483388.2069	528115.1962	332255.3279	278572.784	495993.1586	710499.8398	449404.8042	1077870.228	628012.3093	1282460.309	734663.847	462452.9993	487970.948	824009.3243
M131T501	1.393217352	0.050824234	12045.8425	298313.5339	317251.8659	358701.5073	489495.4276	412005.0125	302846.8949	280436.4969	294148.2934	327631.3081	233271.1209	268934.5133	291198.5712	186933.5557	183736.6697	247624.8914	267252.6492	190695.8279	134617.9374	215686.6478
M301T40	2.556388021	0.069045196	551997.5227	1948377.409	890010.6451	1377837.042	405970.4427	680162.3293	4981763.698	1093714.226	724783.8687	997125.0312	555235.5356	690944.2404	374868.5826	686290.0746	342022.0012	622476.2988	855924.205	345064.4017	300273.1974	567147.9754
M306T445	1.659694484	0.09560988	1202.934199	195353.9468	640003.1368	237605.4881	349244.0711	163624.2854	208876.1758	197881.8514	294050.3973	171411.1576	141491.9621	254206.1321	101680.1171	121614.4164	190347.3441	222558.8967	108951.6397	125046.5158	60869.37139	154984.2935
M187T281	3.876538798	0.05421173	223088.076	34401.78334	23694.98516	45512.90674	53936.20808	28681.64267	28064.09258	16824.34763	55574.4891	29762.09183	13797.31923	28907.58616	4200.783139	6085.928601	22754.18972	16877.04904	14895.17491	22957.1052	653.3092528	8052.574535
M154T387	2.076623177	0.051156762	6215.882029	67168.21982	239341.1605	142003.7355	581663.709	267963.5132	282169.3801	228731.8213	237080.6468	127839.6535	229371.5627	200585.394	103326.7452	141201.3102	123848.2408	51469.61033	52280.38658	30225.31117	45755.40677	71802.82863
M279T43	1.375355819	0.096309375	21065022.28	83158157.38	56007301.85	17114270.86	77623729.99	77455320.75	35580133.24	62919792.47	71508032.54	45775533.09	63586462.66	38189744.02	41816585.55	52873298.37	30722883.14	26675063.59	42719792.58	28529459.28	46650825.98	26828952.08
M179T389	1.462074576	0.085896466	39610.45042	1356681.494	2830156.356	2159533.569	2382634.31	1650596.878	1828420.587	2430042.926	3407078.658	1491762.092	1154172.963	1887188.799	1247210.208	1720576.071	977252.0241	2330425.387	799926.0302	1328758.617	425668.9671	1518368.665
M227T48	0.687097773	0.082875409	472525.7148	4319869.565	2352978.791	912171.8202	2497221.22	3909038.447	2961645.197	3002277.607	1947444.358	929821.1411	2761427.176	2540645.183	3225976.541	2448228.279	2119491.266	5142031.947	4945859.907	1846199.071	5286910.069	3601247.435
M107T25	3.486351163	0.062885695	46409.63981	84326.16208	1096.687764	30307.04405	242014.2793	142830.4267	314430.681	91353.3771	10943.26917	8228.044665	4462.162762	90699.62759	33651.38981	8196.832182	69091.87931	9134.830922	4891.417278	21196.49883	29082.75882	8376.800161
M351T47	0.746315373	0.072999112	62928.04392	106697.7176	86602.75173	58830.60864	119728.9844	150205.5175	81412.68177	87999.225	47280.97796	43718.42067	80222.01054	98325.26831	90515.57843	118848.4953	124916.0088	122205.9576	187224.6174	70796.69179	139957.3232	99759.74181
M563T449	0.129709277	0.051883693	2005.506985	47374.6657	34989.22825	32974.82808	35532.83886	47419.06622	61496.85311	46297.22168	70272.68718	36265.75673	52691.43807	181815.3712	216870.1158	385370.4517	236893.8793	1470496.413	223849.8216	46268.55443	32371.20064	349972.5812
M124T292_2	1.439648724	0.050428546	1544510.761	10388416.94	9758878.419	15035905.88	12533782.12	9581183.383	11137459.79	7947572.984	13224842.12	14084927.59	9005895.123	9370045.277	4655383.759	10352821.64	5324334.699	10761177.99	5561911.052	9385896.573	1724285.421	6957663.774
M154T503	1.581496331	0.084415556	15574.23829	236861.9852	211153.7695	303343.5768	746481.3232	294875.3549	496621.6613	313332.602	416457.4784	265772.61	329671.8453	271875.1871	76082.63631	258832.4803	249489.9323	85000.25021	260700.0485	178835.4704	172620.3215	203823.3845
M469T365	1.16469743	0.333200297	43000.57427	17186.80395	20446.25383	56186.26683	30416.18132	49572.26742	46577.72959	33746.27812	61005.2822	51674.96052	25937.58717	31033.25332	21380.41858	24675.22848	34389.97133	33544.59094	32443.00391	53205.78917	47513.8049	47738.20692
M293T55	0.661952164	0.184170385	252852.2488	177420.3737	122501.4788	22422.62202	439353.2548	94916.26674	126045.7373	120264.3639	311052.2379	38493.35633	295295.7936	388400.877	250157.751	154815.4508	393380.2485	126603.0261	547966.4976	90920.24813	83998.75436	244662.5226
M213T351	0.874532994	0.401030032	70781.66497	114878.0539	84693.95846	73989.00452	135514.5109	70332.19272	140787.3649	71812.43008	82862.14088	72746.45778	69731.99055	143458.5129	76353.25615	94431.1369	166054.5994	121789.7135	114965.2244	85343.4716	36565.24041	141464.8077
M457T184	1.182377301	0.449035794	12883.71931	8495.407339	8374.254641	2787.446627	12374.98512	17493.44866	13958.75819	18248.91098	11946.40974	6343.979751	16632.90281	8037.370427	9829.899562	17305.25844	9144.127849	11996.56946	12095.96712	2563.369598	2003.189006	5883.131851
M671T130	0.876861947	0.389384156	51289.39667	92564.05387	79564.82521	40683.48606	104060.5031	61197.64939	87020.32753	105960.3039	47411.79057	39002.7419	77897.86904	90868.18221	82501.08164	67988.94152	68277.90503	100202.0934	127893.0685	34694.53575	68835.80976	89126.33381
M748T39	1.364585708	0.317592158	380108.1098	313001.9566	550372.276	2299110.68	315721.4248	795000.0913	464984.2648	593900.1289	1436393.651	1527553.719	439710.6843	220316.2125	573673.8639	543088.8307	578575.3561	1092050.701	756789.4176	798417.2859	458468.2519	896990.2806
M409T190	1.180151205	0.391959417	67093.78576	37765.90678	53794.26089	25889.866	39194.11837	24551.98278	66390.10771	55635.90521	34105.74009	25180.20561	20849.20048	56424.7369	35488.99177	32680.88445	22185.76077	58220.33119	40675.32467	34271.20268	7624.285524	55602.02478
M369T174_2	0.774494515	0.512820218	3022.196826	29864.44424	31115.23712	30942.89403	36164.93092	40790.72062	16662.25144	74403.9945	8331.965618	8745.169595	8662.276726	21282.67078	49496.68871	19077.96359	9810.556217	42385.58042	115224.8973	32508.49009	8973.509549	54160.05007
M243T174	2.131988725	0.131373533	13446.40569	9664.47094	13632.09336	5878.612662	14697.18437	10830.29726	14816.32255	7538.34118	62613.56088	68285.71537	12814.31698	19342.05959	4018.259323	11945.15374	11100.07608	13060.80251	9266.443159	7626.028588	3586.563357	11088.40884
M227T115	1.247501129	0.056269204	8954.865577	5285.581281	6239.278991	7989.708314	8282.352253	7402.861016	4661.217004	7224.8191	9854.86304	7212.773257	4175.854424	5080.801027	7187.670408	7357.558072	7105.036947	4478.323355	6205.946637	6038.061931	7861.235713	3113.322038
M309T40_2	0.977494435	0.89072775	202683.8064	594077.399	305425.4262	404810.2339	508316.0377	642899.3837	339321.0493	283794.6269	571817.0484	630926.4477	563408.3212	348373.0578	431646.5103	581739.0754	410094.543	446960.0605	819237.9158	182756.4907	460654.702	342440.8187
M175T372	0.657725553	0.552955298	78793.80325	11951.59002	4308.41616	9896.785305	4643.992217	2237.939969	4083.045199	7839.656122	9824.323235	13012.27644	9020.803674	10493.41953	8874.012444	15816.36487	7078.387536	9446.769608	4858.717917	26925.05314	113647.0696	16716.29507
M117T152	1.209224173	0.505279073	16160.36753	193699.7482	94532.96856	161603.2128	51102.23937	33420.72523	88360.71499	86306.06137	58405.90176	48345.24911	68182.95102	87791.30187	22387.95446	92987.47917	52955.72679	59919.56927	142565.5936	27628.41764	40107.90509	93465.62362
M135T109	0.960243776	0.787134608	190540.2273	147669.9357	118029.4775	63794.9133	180419.6333	155934.2782	174051.6269	168270.4925	265113.8606	208965.4979	153283.9413	162943.0941	75899.7047	118127.696	166711.8749	207831.0586	229361.0709	292632.2784	163725.7203	171530.7215
M152T344	1.096219591	0.562938408	16696.32233	46349.86238	88428.95604	65238.05523	67252.50798	67050.26875	80089.79899	73924.8007	111912.7043	59425.75929	86080.44591	76250.69609	55322.75806	69011.46296	85194.27255	62216.3164	40999.89111	52511.72768	23730.24753	65683.59441
M187T106	1.034287342	0.918446831	16508.72733	139264.7917	75515.13233	39658.57789	39036.82484	21865.84471	34807.19294	30632.58987	28578.81616	19415.66976	74827.49402	36471.71896	5478.089975	86884.06275	40854.37013	57107.08328	41078.79369	46130.07431	12475.44965	29215.5523
M215T93	0.615802267	0.104541327	1688.416337	36934.78658	39233.77582	5207.114409	13234.81933	18993.35378	10879.72347	16982.12039	6908.853583	12174.00952	15381.94111	30223.78384	15616.81835	46652.51521	20840.565	29689.81961	23153.64006	51935.73848	8358.941277	21602.51502
M263T45	1.228348797	0.482456626	15619.95879	63624.5694	41926.23764	25543.29141	36937.4469	41113.89426	61865.87824	44092.32123	20391.35711	25975.34829	103391.115	22513.39452	20039.33503	21125.08629	20135.32752	38113.65642	19271.86159	15056.26097	22719.21465	24624.34595
M149T98_2	0.777931612	0.66489981	111609.075	80903.60169	61373.59267	64640.0222	53324.2644	844969.5893	53041.72413	111299.2132	989371.5523	857202.4651	452354.3838	67519.22572	200768.7884	184117.8254	314308.4888	423785.5233	337831.8047	1873288.823	118142.1667	177007.4542
M296T226	2.010147065	0.002736036	573.7280916	4498.023799	3067.526135	2608.28471	5640.379514	2955.398802	3230.416197	3366.214794	3778.271278	5104.907567	1898.746513	1540.682651	1762.198611	1702.008736	922.9353069	3107.332417	1671.136541	2428.308371	457.0289432	1833.305084
M281T146	1.832234202	0.198625634	33639.20166	7864.575864	5383.901543	2101.036873	13507.06418	4458.314385	5170.624097	6886.538988	4660.662965	4060.181594	4091.858457	5792.107006	3566.842211	8796.250695	3562.502067	6572.45389	4766.786645	4657.593532	2489.676082	3586.510181
M244T451	0.905837348	0.654498165	640.6090975	77489.74178	28748.98692	98034.79494	78574.03485	59959.32692	67467.29467	44900.63257	67185.81044	83969.78531	32484.93538	84240.30559	46157.47554	70508.51135	124635.733	82562.50941	97607.04097	72134.39966	12863.73189	46871.58813
M126T58	1.021979874	0.867028209	42925.98153	33835.23559	23074.13745	43286.0447	35726.85177	51755.7422	53120.09991	41779.11993	45696.76536	41128.63883	31258.161	40577.95142	20474.06064	27658.27175	45676.8806	49609.36482	46800.36299	70580.61831	36470.67469	34354.25765
M360T462	1.053695661	0.797489823	5242.507868	10685.36305	12040.61797	26224.30567	16132.70716	16753.05633	20382.35885	12255.62812	16262.97803	11087.9227	10515.43975	14714.11163	14753.48862	12127.637	28509.50037	16745.59911	19952.43039	9572.762797	2294.81165	10387.20085
M172T123	0.962550549	0.916004362	4629.603214	71331.26422	59316.54361	27696.68821	48123.75505	37697.98407	30182.06292	31557.18284	28659.99297	41457.53679	26692.4316	24542.11145	21904.26729	56146.31559	84909.80754	128799.0107	27783.73504	10706.02685	901.2401017	13077.51986
M219T277	1.561266497	0.51428749	5064.812559	8319.657178	2533.301408	3722.12288	4127.842588	3122.218583	3799.81281	2370.591292	37146.00705	5592.395631	1714.95067	2783.352334	2358.717812	1714.57095	26030.55394	2039.68369	3261.672899	1857.077473	5495.835254	1293.11968
M239T341	1.292549734	0.134134136	9927.595656	12601.18816	22746.68973	20016.97815	8131.470248	11437.68144	8517.546513	14075.98812	20631.88645	9568.971716	5509.209705	10309.86354	17175.13549	8918.939867	10249.87863	11578.53589	8731.415438	11066.51874	9105.515939	13854.56085
M458T426_2	1.731141442	0.109476471	733.9402672	26574.96701	9915.187661	19704.46162	29804.68546	14825.81305	8799.097318	3426.811546	8665.207983	16416.06478	2870.850768	8529.149032	13704.4056	2710.4159	3471.613673	7818.175918	16388.37964	16138.08131	1710.350124	6875.152674
M319T39	1.077806853	0.699141436	204437.5105	330945.0648	381557.4492	107221.4968	309133.0794	585322.5659	510011.3643	597989.616	296430.219	455950.9863	252175.2665	372024.8022	565336.9068	279800.8271	274985.4395	556014.2204	336527.5734	280096.4123	92460.07319	496771.9492
M333T40_1	1.17386274	0.357533612	25582.56269	39939.15573	54200.26873	21814.71797	35664.43705	38871.42418	57020.42119	57547.96884	33702.82968	29460.91776	22040.46859	46288.06509	36151.84537	36691.31902	12434.14079	51418.33394	39009.73478	22187.93726	16035.61736	53220.17961
M180T129	1.295512421	0.147735087	8082.039096	52152.98169	54950.3986	41260.31079	57048.03133	31318.24689	32294.09909	29057.56985	25194.30412	36583.74847	40120.14129	42159.45862	17993.42989	25148.29794	35369.08854	30663.41333	19673.95768	31503.91133	21723.0839	19657.72394
M210T382_2	1.076579183	0.619911906	1285.104514	6409.015115	8974.991398	5667.515424	7878.343471	5573.094869	8298.043424	7102.624354	8955.765313	3586.164326	5077.8954	6180.927812	4452.467769	6411.500014	6461.030405	7875.963431	5029.998403	6467.483378	3461.441463	7778.667453
M162T209	0.901311312	0.759512129	1014.385282	13811.10162	13801.0196	17971.04542	28785.70897	14131.18462	7240.072633	4366.986879	14054.81066	13236.35993	6923.878084	11921.99966	5778.393402	11344.43497	13992.16881	43318.60098	9741.309985	26542.53133	2228.584127	10681.26407
M139T480	1.019525486	0.914827316	40018.61986	64456.36517	67687.14343	82363.83311	90519.45599	66520.54001	85179.57268	4537.744845	108864.2079	64467.20882	56026.42926	70647.4267	85108.62539	67924.67726	85536.05117	103535.1837	59120.55486	47150.19202	15526.48033	71119.15886
M426T473	2.61629729	0.162220464	1501406.083	202703.8285	142071.5458	205253.3931	148207.4248	140541.0078	185525.7312	115045.5265	198997.4123	351049.4252	108394.6415	140626.98	68377.92941	84323.30527	118303.6006	118216.1823	178198.6716	303159.8253	8390.018654	91595.54546
M506T498	2.034857007	0.31844158	73378.28542	8196.273309	4486.476837	3830.555609	12529.01929	5226.009088	8190.143285	8658.964496	4376.378711	13482.10136	3651.357809	5219.215887	22559.86266	1745.420665	2330.817514	11698.86984	3224.600979	16501.84417	1069.694873	1956.158789
M139T287	1.386309981	0.156924475	113446.9581	71294.18377	220392.209	75746.47777	353044.4145	329129.2532	170587.4712	259080.9136	126997.4003	146582.2266	197567.3665	116650.5028	166362.5544	135534.8351	102058.5494	145056.6784	152494.142	29409.29395	115588.7237	185514.1509
M277T45	1.282563753	0.304196076	721312.6456	2282206.517	1528711.232	2103271.297	3370044.596	1717976.342	2595544.869	1674238.34	1475057.561	996279.5881	3699387.803	681611.2007	832563.1756	1044798.197	1058603.593	1871551.034	2089761.752	1165193.719	1444386.652	508809.6645
M358T281	0.997737141	0.993560682	478.7597296	3044.933333	1185.741714	2869.712278	5662.026259	1582.654115	1939.136781	787.9026458	2274.004004	2250.956318	402.5548492	1059.132164	2620.135081	2538.448139	4475.092284	3389.761905	2991.139395	1459.537319	970.7132661	2219.380548
M241T461	0.727686991	0.314001044	7481.062973	26641.67203	24810.2118	44057.83624	47007.65121	32060.01513	31170.40728	21935.72043	81105.24122	32045.02878	30387.59979	54897.23251	39770.76589	40660.85302	136731.0125	51389.49985	53160.37458	21522.26768	7418.818276	42721.83947
M263T224	3.542917973	0.007840467	12933.53299	27378.94617	5193.49525	4963.711089	55480.97877	30051.86097	75898.85605	39848.62743	24332.46034	25443.92778	22246.86683	10556.55202	8406.811209	10841.85348	7278.341921	6463.692822	6479.444288	5942.804858	2913.993678	3976.43481
M128T191	0.962529687	0.792851824	4846.322303	8056.473614	4690.343553	4916.327805	8363.789234	8560.302421	6005.099797	7352.661692	7451.16414	10511.38665	5545.253198	10215.61373	8838.895369	9510.187204	5310.635978	11301.94105	7033.604428	2643.51052	7311.262694	5797.344106
M369T30_2	0.881425742	0.624874497	801814.4017	1051093.94	77619.85391	587643.7139	469808.6496	147072.4218	823825.0061	580909.5221	290376.5034	379945.8336	1192834.108	355038.821	867422.6928	372238.5772	286883.8897	1018694.584	425556.1662	580229.7378	431760.6854	380343.3276
M303T102	0.699533842	0.537439581	84157.35963	113519.2056	134587.5525	70187.78319	53945.18162	99933.05708	90153.60713	131944.393	133402.9129	119897.4304	58144.20176	58081.4631	43114.04331	58875.45517	35124.07148	200063.018	91938.70983	758620.2492	32512.21993	138406.5821
M289T473	0.95234122	0.8047386	111782.5249	40486.42417	38321.27416	24738.92569	44273.17674	67076.35796	58929.5073	41768.3832	14671.91156	51374.49825	40712.99877	61529.36198	44967.11033	73163.41157	56214.6343	61046.39519	59017.27164	50142.96926	14251.65108	57069.94414
M319T478	1.409470524	0.05223346	26334.69495	71731.60078	53601.3308	73706.03997	78871.78772	62923.04672	64824.31138	52165.43999	49860.37161	84043.10002	24907.286	65621.81038	44704.82509	37713.35528	46202.37292	77014.50358	71869.77268	32178.73016	19387.61904	18906.0387
M219T32	1.153587699	0.34181017	577717.9308	322143.6083	344087.624	288172.611	425686.185	146693.1515	400435.6395	221631.2441	254947.3857	364197.3257	249023.0625	275967.2224	236519.9569	456925.0422	360479.8224	278324.9379	276199.9518	172939.3241	241286.6971	352601.3051
M359T176	1.131052499	0.533309072	1666.559017	4995.313705	7277.629568	2067.387494	2612.670367	4593.681237	6908.523774	8452.548624	6100.027968	4294.85105	1124.822591	5292.509666	5994.315711	3531.08667	4136.704226	2955.403585	6941.901602	4691.969244	3864.985529	4761.544201
M445T451	1.417613741	0.166985171	9047.527205	93315.30749	46528.61933	112456.3937	91274.69834	49016.95007	62711.65898	35822.90541	85154.55082	91440.44174	61433.2772	53847.77824	20451.3959	46898.50906	61293.45791	109329.4529	31371.97667	63377.06664	3681.786692	25715.47731
M391T155	3.248727537	0.299696206	14623.32946	148830.7006	84936.22331	5554.711291	10641.41578	36186.25849	36373.87114	10154.41789	734771.8452	21820.32577	13243.99675	26013.84821	33369.51975	98413.38041	15232.32102	89098.49962	32810.56799	5621.482548	20549.70163	5439.135046
M465T26	1.303922596	0.301347558	471217.5735	324989.1304	206116.6886	1020262.643	209298.3052	476410.2016	167251.2552	342884.1637	516417.4247	406729.894	213235.3573	141578.2138	283086.2673	223715.6792	332483.1916	239237.0737	220041.7599	622555.6692	466305.9241	434005.5993
M253T104	0.75517159	0.367557954	45392.61737	64812.99858	48903.33617	61125.78395	87139.26824	201775.506	43413.79082	84147.3851	50296.87213	37882.79517	53033.79173	50627.55411	148789.9452	58106.96447	48174.7756	68237.61059	50223.58541	75047.08829	195798.8691	211861.3302
M129T399	1.177819323	0.403730976	1218.192569	25275.26762	11752.23786	29598.76541	23108.78898	13796.69745	26779.40054	19584.43369	25014.29517	37277.03406	23431.15968	23898.03444	13552.36641	10307.01995	28906.08638	21269.18776	18880.74613	12550.20999	15745.41516	12646.40363
M191T509	4.052348287	0.299143951	12446666.46	511191.3835	61527.40455	532643.7796	319472.0555	128025.1755	107493.5495	53185.8917	144409.4975	3117270.187	169666.4608	166956.3293	774867.2714	858477.532	313299.8354	664363.1351	270350.4733	461540.6419	454025.3588	165660.2734
M112T168	1.490200337	0.067173825	11879.40922	123470.8733	134725.5473	84367.25071	132386.7077	123791.6341	159259.2617	104560.3542	130598.2713	143363.7349	147285.4206	60443.70071	44056.00447	70840.08543	159300.4796	103065.9319	51988.50261	60284.31811	23079.38227	50292.85699
M128T17	0.978443937	0.92909757	32504.17656	35869.5664	75038.68723	38235.59947	30617.78441	88119.8447	32573.34263	28236.83501	37275.19275	27974.97356	23958.08078	41007.38976	14569.88497	55382.78286	33516.37538	99728.17936	36222.19998	39002.5546	23229.43328	69224.13802
M540T437	0.224939819	0.240061539	63953.23807	5711.857715	5792.233387	8579.014283	7576.4448	5551.211036	9276.74598	3271.744655	6949.010933	8262.522588	5114.085182	21280.65687	17863.934	25206.34367	27223.71285	367764.6072	11641.39148	18495.36984	7149.014919	53627.30964
M242T236	1.298478274	0.147029372	586.2730496	5949.938092	5504.091551	6685.226063	10048.6884	9931.231178	5975.969671	6758.248353	8693.533167	6647.401314	7995.521705	6088.209545	5119.925917	5521.876866	4685.198564	1952.578501	5976.297461	6526.867528	4469.26152	3094.157062
M304T325	3.300846252	0.008398291	16668.18423	5108.407673	8477.860508	4847.355802	9358.522976	8632.98631	3581.51838	2160.443188	2542.951528	2693.034364	6233.703834	1416.266962	1868.724862	1437.956792	2204.675107	1529.659598	1908.542428	1376.710453	280.8551547	1153.462005
M159T319	3.131676468	0.002036651	87130.90103	31872.76712	25539.74884	34737.19891	50854.38002	24776.06685	30266.08151	11292.91345	41244.82269	27116.50188	15547.70703	19386.77204	5501.960576	5827.09132	22794.68082	12875.70179	16360.31279	11261.7849	1015.520678	5925.617748
M147T79	1.379376857	0.174233116	5186.49156	65732.28222	45035.87949	31617.22916	35653.5049	57518.98058	37728.52061	75476.28202	17198.00297	37949.29491	42343.46087	22895.02197	44233.59754	18883.84134	44598.28209	28978.16737	19684.07712	45101.04759	8314.850063	21548.29211
M103T237	0.732871709	0.40956983	775.27948	11789.0498	11786.5483	11276.45352	3869.603688	7107.219985	5080.157194	22992.61809	7686.526639	24036.39167	14652.72988	11889.04859	3747.577316	44654.49386	13771.70429	13786.84981	7596.539344	24056.02689	1317.415064	9709.707582
M391T76	1.393022767	0.247822118	18890.64215	22305.64641	28292.39889	4824.263513	7209.36828	7555.985078	27093.04654	46429.03957	31029.51644	25950.40813	16889.42068	14612.53075	7991.014944	25386.5208	9603.782606	36951.27926	6072.700076	6424.485092	9646.511494	24050.41637
M266T168	1.405334138	0.174106388	19340.48224	7820.106165	8458.969536	6482.431607	9775.146684	8148.237099	7193.49115	7113.626762	6037.180213	9174.399492	16267.6738	4108.122612	3201.890784	3526.479641	9876.488735	4155.14898	5311.743797	9766.934012	2502.072926	5000.726284
M259T461_2	1.111183634	0.755467051	4138.353558	1337293.166	1066367.37	1638533.277	1495280.773	1569129.86	1526731.408	751968.1623	3858125.337	1955164.223	954277.1452	2108547.161	756076.8833	1231577.367	4273578.243	1387663.186	1099125.779	557640.9267	52988.11581	1260090.932
M191T97	1.309948153	0.477518329	7594.428789	120831.0317	114153.6286	49332.85947	39355.32271	37816.44173	36329.9721	39816.91669	17165.4838	53914.53587	79057.82249	24067.78417	11389.54971	16734.81284	100227.8786	44067.71527	1874.673253	94994.24376	7834.035647	13897.32915
M258T422_2	0.875099217	0.568505848	3252.471711	17017.22666	4965.648041	11755.29691	16770.5018	10412.91977	5563.075446	7663.015489	4872.753364	10475.92409	8195.142187	3457.104758	14904.22193	8135.985897	10712.74887	15818.56848	13433.83503	19428.88738	3314.971311	8585.182811
M193T391	1.065071223	0.683464241	3448.334076	12306.33876	27261.35714	14521.27954	21052.77344	23646.53973	20174.13956	25713.77441	24780.19622	12928.63814	23824.03704	17941.99962	13593.72364	20139.08015	17324.65856	16331.20876	12426.21633	11746.03896	17560.97386	23591.82267
M113T375	1.251414817	0.27435109	5841.564163	55861.53906	57250.59517	69027.40937	100704.8312	66193.75903	61806.02947	45429.69814	49992.52506	80227.67614	40547.72948	43669.60225	74732.46142	29655.66427	32335.96411	89517.039	37076.71107	70178.53986	22496.92545	33122.121
M111T489_1	27.81459883	0.320387291	10569301.88	79939.62045	18083.70379	81576.94186	97563.84665	16037.82422	25954.01695	15952.58673	21072.70024	212858.1408	18616.60176	24579.50876	47997.5496	101286.0087	25923.48688	57842.61802	17323.53244	59253.03813	11295.52152	36331.60064
M229T463	1.029457706	0.895944281	8944.524107	257675.3745	264378.5936	199788.8009	178303.4502	304809.2563	409635.3425	287345.6442	217809.1519	170241.9024	234451.5658	309805.0078	105110.4426	317794.7751	395116.5872	186395.5509	321031.0366	107641.0785	29005.82455	226796.7374
M160T412	0.55536306	0.220818126	88.56467219	5112.429389	7266.163618	5974.807922	11574.74654	6263.884687	7193.957553	7202.12672	5932.986994	5628.06966	6338.89079	7467.141953	6882.097893	4912.763764	32510.75324	35372.21928	6918.295353	4861.941935	2045.989955	4756.663982
M165T120	1.666928642	0.174513341	12433.81883	27607.34461	19227.86721	9389.756233	13030.15333	17320.52348	19900.2914	12844.63383	67918.41662	10137.68048	6485.473792	16625.85895	3637.034574	24497.57625	17063.58844	19244.71041	15278.40367	6228.523478	4424.339705	12380.99801
M341T490	0.615752844	0.164706462	660.6193608	14325.39249	8252.321191	9495.383545	7928.776631	12645.0092	15228.331	13229.76496	19420.1586	11993.01598	14183.32531	13276.48772	44065.71946	10270.09273	9293.720538	17162.92615	45585.32699	8269.044296	3872.311597	17826.56726
M151T37	1.479928536	0.072004313	95906.89777	81998.79119	51025.30122	94947.94394	83914.42812	229648.111	82501.42044	69964.50689	78591.35056	91774.02105	64096.45673	57457.35613	95101.20509	49097.8645	66202.15273	86108.35977	55769.23132	77780.17231	52573.67122	44677.81582
M164T364	2.115546478	0.003831162	2620.925787	84888.24917	77417.6582	44096.80299	75008.34818	57391.45398	59649.20217	39046.14063	31468.31327	63450.58976	25894.95152	30277.61191	44014.30282	29153.77187	19895.98919	29257.65236	32854.19994	16518.82755	6592.650868	18447.59554
M104T373	1.514584933	0.026926999	7028.60305	94246.93862	93951.95758	118095.8878	150164.033	122831.775	111460.5202	89813.20971	92895.33563	144316.5706	56560.46249	76222.47902	75235.28811	67037.67487	40532.33573	120571.7691	70138.28189	63878.95283	40816.17843	65630.78604
M401T469	0.96902523	0.894713711	1417.481354	3328.287145	7687.238733	4311.132084	11438.02727	5909.476278	4578.58238	3121.829361	3146.492435	3746.565463	2669.77975	4738.413821	3908.370841	6285.643245	4157.481468	4721.876286	4380.356715	10351.96965	2486.951527	6540.482713
M259T479	0.963567159	0.886837255	122103.287	2234027.056	1782135.787	3760313.674	4146990.497	2605785.876	2524413.461	1457160.381	5831471.408	2596021.206	1787117.948	3983639.391	1184729.339	4345701.897	5218134.105	3441921.106	3350079.98	1367042.712	210680.1387	3194540.902
M223T344	1.133619281	0.552782777	1205.584443	10277.37249	21351.4222	14742.7769	13917.50726	12217.64005	18677.13724	16179.65958	28448.92953	13133.98416	19294.62518	18912.5248	9446.174613	10881.22638	23567.88174	14292.5862	7983.406774	10654.99337	4391.561828	13028.67125
M289T468	0.925982414	0.75475699	35475.14849	111597.9409	61951.69926	213760.9446	228143.3811	98099.10144	84335.09858	60204.14644	156888.9767	143365.2011	59200.8818	178611.5352	56742.05628	177089.7551	132443.5769	197765.9838	211635.2905	77668.57109	20625.54343	177465.522
M161T297_2	0.727304083	0.215489986	5205.613986	49742.72252	29697.57605	31500.57888	42614.03403	25120.72741	47653.64068	42536.66729	61270.70658	37078.09572	17590.46204	46407.62562	29109.66597	70722.14802	58834.20254	43010.06118	71559.99658	119613.098	19552.53602	35656.12617
M329T366	1.352053569	0.174345678	4413.419314	28889.98323	19122.54352	27062.98613	38063.52586	18115.56532	24659.8045	8685.485511	20550.79815	30617.91178	10008.4933	14678.2678	25067.41355	12303.31691	11835.12914	20973.71757	30554.32876	17454.62647	3152.296931	16822.48323
M337T40	0.928554456	0.832238107	14931.49106	39332.23851	6222.937231	32922.21609	28439.2799	36883.29289	25390.22137	12688.55157	42474.7412	112742.3729	105418.4359	19476.69226	53389.28377	34706.42125	40242.76466	29499.85759	37283.02622	26210.40159	19703.17362	13183.2419
M355T234	1.474667696	0.154932704	10318.05714	4325.059453	2083.210866	8116.25154	2200.851034	6097.851129	3286.946502	3173.906478	7325.731259	10196.34017	3661.821046	1638.375413	2892.837182	2226.728019	3156.308704	3798.833104	6441.090679	9367.315798	2893.902699	2659.789408
M405T315	1.81460767	0.085458336	1681.085796	4106.510065	2325.893463	6219.740274	2298.293876	1563.173799	902.1189872	840.8160294	4026.015782	4971.581459	1116.004166	4453.166635	718.9874828	967.2539924	1374.44437	1285.501941	1481.588735	3457.738204	205.0980799	885.9384412
M515T437_2	0.90024121	0.66514735	442.421309	12051.01947	8532.686854	8139.97308	13092.46054	8452.680126	6245.820424	8486.384799	8885.103813	4789.096873	3387.548696	6884.295336	8143.718427	6833.685975	6172.784325	13979.3133	19668.14068	11408.87152	1969.779549	9436.805084
M197T382	1.161177253	0.30468878	3254.147457	21085.76332	23878.40853	30717.91216	17155.12879	19099.29096	23494.08162	17970.91436	27631.08092	17708.21028	13593.57653	19294.85787	14716.50354	19038.55551	19940.62269	21877.58291	14932.34936	22230.77227	10348.5556	17983.64693
M683T390	0.475006918	0.331478177	106.7470499	3955.11123	938.5304429	3083.601649	2619.665334	2525.222595	5241.532734	2642.474708	3633.964666	1654.040309	2952.90158	1842.178939	14297.49174	1026.643534	629.4618432	2071.62392	28796.90791	1383.513988	448.4126276	2130.876962
M195T382	0.877487513	0.690252166	10127.0265	47728.81308	43431.83444	33759.3135	80862.78002	66718.72477	34298.1812	35551.31067	52155.98634	56069.67778	30264.16693	45914.52137	80944.30524	48325.66433	19302.47747	167265.8424	19665.27998	32828.9691	10065.64205	70449.00495
M275T466	1.366686431	0.416562762	1459801.466	191874.0214	237628.706	223892.2496	368637.993	389827.8769	378306.8642	289135.8172	124962.9319	304369.553	279287.3031	417473.6456	189061.0951	541608.3459	281987.5857	259702.5951	298311.9566	158901.52	97593.45387	379765.2481
M293T347	1.679450084	0.072255801	48933.84557	80598.52472	27405.50606	63279.45288	75405.1921	40164.45983	41592.37264	17806.2492	34701.59097	86710.38452	12035.53939	34454.18473	11350.92073	14579.12215	32055.39622	38161.5821	71193.20372	75365.60361	842.0556024	17561.63705
M588T462	2.198249269	0.006478737	14128.93958	9716.752024	9061.034378	32108.86307	19246.18002	8809.862695	12591.19483	8213.732434	19337.08652	23064.85129	6430.110478	8312.830736	5024.854861	6207.045381	6379.779312	10657.02429	3768.679613	16596.21264	4841.680024	2874.037318
M351T450	0.901846225	0.63133173	522.9990629	1205.332405	1637.01198	3799.260204	2194.961319	568.9616534	1448.546652	2027.979051	2563.763816	1755.407356	1647.783736	2451.617956	1680.379814	2023.402266	3667.077907	1716.365803	2636.293372	1745.00025	900.4989129	1184.845699
M565T215_2	1.205972724	0.457100846	1613.175254	20088.62905	6345.877532	9290.645684	11557.1134	6281.064971	10250.77861	6429.57712	7738.728003	11492.19746	5821.560648	5301.260403	6889.950157	6418.094835	7871.431269	9823.029802	10728.92219	16558.15935	224.1931438	5893.951502
M593T463	0.919323418	0.531999075	3336.240341	3083.424847	2542.48884	2154.860518	3514.605446	3672.183625	4380.58895	3441.802915	2882.347159	2948.674747	3629.078409	4258.14652	2715.925302	3588.731243	5150.748697	5113.835632	3794.6619	3055.385347	1082.618776	2372.538273
M105T303	1.024735332	0.9515027	540.4420958	64826.82711	31373.58898	18497.63259	84024.81734	24881.34603	32624.71965	45407.0699	20472.21194	29307.66339	12325.33437	39823.9566	119415.4046	10560.34415	6348.328993	69353.2734	41970.23265	23510.72579	796.667769	19356.4363
M151T235	1.838669162	0.016364386	656.157119	44240.03092	40918.19111	46438.80295	40011.59089	37321.90067	43283.51968	27512.20568	42286.698	60105.97939	34984.95491	30811.23048	11721.58593	14552.21782	23141.41557	47614.82874	15322.88156	21315.59995	302.0075967	8413.783352
M171T382	1.472015795	0.028406162	22366.64007	122378.4215	112517.7951	147424.2437	93232.43673	94192.83279	115967.2697	86942.14062	131243.8193	92230.96194	53227.65702	71074.65936	54004.68403	82182.66329	65708.48224	107357.5203	70994.04819	106074.9034	14710.31825	66571.06452
M448T209	0.315771512	0.19339385	7251.545262	125669.8775	6720.328105	2877.955526	3074.05142	36878.69123	5555.656716	13191.05158	26074.81817	6990.556858	10496.2437	386103.5811	99420.95383	24609.83662	29297.97692	49340.23605	39644.74845	24421.05523	15188.40943	63420.17838
M930T184	1.659427521	0.218739108	3199.431752	6259.085402	16932.48565	3888.008475	7061.95231	1527.357342	8801.234137	25854.46224	7484.580573	5324.3898	1728.887734	8349.418138	9390.26599	4175.710027	1173.828388	10645.96314	2411.474151	2678.893061	135.4381552	11335.88709
M432T103	1.750474378	0.179335837	1986.440942	3619.38906	4953.369527	1061.661197	4972.923339	2347.243404	8730.769711	9919.477973	4355.454612	2971.110336	11356.51089	2664.496005	688.7806075	2744.811689	730.206866	1301.778857	1230.269137	567.5705227	531.2303904	3844.726402
M362T481	0.636145063	0.454983519	29453.38317	4315.965155	6011.514571	6486.485431	16657.48316	9336.730529	6417.342207	4006.660995	10713.81828	4892.988645	7533.525331	3085.188545	4402.328075	9479.565546	5662.283674	7003.3071	75093.14299	25653.1496	5525.967352	11074.05453
M269T45	0.827460989	0.203871376	163087.9722	257566.9214	220507.9171	124468.9602	237106.1512	138032.385	314337.6856	147695.3096	162443.4777	128194.3845	268647.7929	279341.5572	222289.5926	217935.8536	274563.8417	257360.6011	263291.2638	97656.18377	294601.026	112566.584
M178T102	1.490940513	0.240305527	10475.80175	30386.2072	35234.54157	15385.85627	8752.412662	14984.44669	34325.48009	85330.8288	20409.95445	38381.39267	38178.04322	11349.92252	34571.81526	31347.03773	15887.91493	22689.99122	16675.37457	10808.41938	6504.89546	8954.150499
M181T191	0.963165068	0.834379546	3478.139005	9697.833711	6655.574901	11321.87196	7224.304298	6107.085391	6165.100475	3850.107319	11104.01383	12680.31883	13286.21394	6988.596592	2966.779311	9874.265043	10495.1877	10803.81212	7893.728402	4437.402644	6388.829065	8143.41293
M116T254	3.606570081	0.005925136	478.8255451	6993.433783	3946.753051	18527.95904	7976.485323	7953.068967	3350.388689	3875.865373	10086.84012	15068.70642	1644.021583	3396.95815	854.1369631	1952.165775	1607.106339	2708.275649	2323.100915	5313.268693	121.7265149	1778.062555
M160T36	1.961672185	0.048947616	542.7298283	7827.010266	8314.188537	2547.713303	13343.30749	13321.49329	5107.260675	5573.023044	2882.286367	4656.155998	4326.070694	2929.233237	7631.832694	2792.106817	2000.316465	4519.077602	3160.631452	1929.433414	1358.021816	2037.212148
M267T215	1.308751411	0.163312692	2065502.441	18609765.12	19104257.27	21705164.83	20399647.89	16346723.71	23191220.28	13294112.96	26725057.12	21177088.96	17386140.48	18934717.38	8711276.48	16186181.82	19482126.15	23781637.44	11516186.55	10772318.59	1308893.321	11456983.08
M132T458	1.119638778	0.554174604	2719.739265	62426.93364	109026.9914	68219.01591	104291.3576	140201.1542	109986.6635	115557.9653	69361.99834	61593.6485	104618.4094	104261.9882	62985.06004	86555.12536	59899.03517	86797.83984	71265.38061	74679.20316	14500.54072	87703.09943
M279T348_1	1.335479334	0.247204412	36987.8497	166270.578	51873.94716	94006.5966	102348.4536	63909.97436	111898.5849	37445.89682	99231.52124	77242.3712	31547.92266	69938.83537	51688.04941	25792.30696	104417.0861	110146.8856	93666.07444	108133.6069	3578.498819	30988.74259
M220T348	0.821300285	0.44032758	1139.031171	23167.23134	29149.81263	26958.0254	27884.52299	22935.22907	27483.40503	13397.52271	72365.86675	17936.95565	25368.88542	36811.57357	23945.43855	47777.15901	46868.69827	44849.52044	32281.54126	22015.48891	3637.162562	35959.33977
M168T370	1.125111216	0.561197816	25281.68196	76308.59149	33577.64372	52248.13412	87835.97378	49646.75224	42732.09361	29247.8581	27429.74552	56977.2427	15846.8885	43073.16045	59705.066	30682.86628	23774.26857	67241.88626	58733.75382	55004.02646	17531.80461	56173.51683
M243T370_1	1.125306627	0.584801027	1548.635688	13994.81233	20679.5239	28401.20631	31689.7559	31995.00488	36774.08372	27972.12113	33976.0033	24620.52707	30424.3507	30925.08933	16651.21458	20733.75842	45033.76454	25598.35604	15370.43164	9976.685727	3623.280669	25292.49365
M145T433_2	1.033210695	0.918149447	5155.613996	18862.79913	18776.11793	67974.13425	34140.52025	23404.02	26614.58695	15641.21396	21842.16982	42731.8928	14867.04804	22099.83475	20224.49959	15021.79032	39388.5848	7423.679389	50616.30509	69964.09111	8131.513204	18561.74482
M177T149	1.01701317	0.947782552	7869.27161	25877.91157	53197.6927	16204.52147	19409.92256	20231.71188	41244.40477	41356.64091	46205.12425	18479.58243	24877.43658	28065.8266	11676.52174	65651.11706	31263.64964	23965.92721	21857.05117	49478.46707	6346.665914	22041.553
M133T413	0.900386794	0.626964026	66440.16948	674707.8153	740341.4811	1576867.712	921581.8814	829183.9294	1000468.454	628480.7769	1136586.535	1691837.062	867651.5001	1195573.457	543516.4336	1567250.167	1661356.53	1451216.028	720054.9131	1153276.926	268073.9891	863713.454
M161T389_2	1.111935608	0.569282738	3708.902057	154308.9652	255555.6302	210988.9746	246135.2124	203020.7017	257414.8938	247808.0234	310084.2464	154869.2341	182999.7971	207593.8547	275751.9426	178741.4417	114928.3677	235323.586	279328.2516	113436.2735	52815.45781	197222.3458
M135T312	1.748381729	0.080746356	2928.569921	12032.42507	13110.96173	12973.95879	39079.46439	22747.22148	15486.3266	15071.21907	16568.86352	10891.59047	12438.60192	10186.74622	3592.579709	10405.6689	6337.809009	27069.36371	5315.577958	6577.113346	2968.307032	7130.814192
M114T401_2	1.352447817	0.166294636	25187.58301	333003.9303	315365.3655	343465.9025	477793.4024	265180.4828	320105.2535	159457.4469	323687.8183	383153.2569	249470.1178	294500.9641	243738.7996	165353.2318	40675.34583	397309.7691	202168.0939	307977.2411	35625.74866	241749.3585
M503T490_2	0.843433744	0.587525204	63212.42527	33452.6508	14970.44856	15843.16087	14569.8203	29730.606	31575.94845	21615.4537	28693.38488	27647.71036	20789.69406	22300.62147	77024.11543	18747.6478	15868.20762	42777.67509	82262.45512	22377.30891	3666.878695	27716.76233
M225T48_1	0.820356821	0.411060198	28115.03998	853169.5205	414302.3277	114786.1337	434953.7471	784677.3789	489772.4972	403482.883	252224.8338	184624.9504	493845.035	409258.8693	408864.6335	705432.3855	283083.6308	739242.2722	476711.5958	149913.22	647195.078	513754.2902
M284T164	8.176722041	0.330089682	228556.7942	4689.117879	4990.007923	2906.152207	2922.001212	2409.892968	1858.202555	3675.853684	2855.44931	2282.02476	5499.575525	1955.237115	3875.516453	1433.064138	1003.996652	3052.776181	5883.406073	4596.726873	1984.258324	2163.92476
M300T447	1.244011797	0.516116993	1103.274311	778191.9809	249489.8627	429196.9205	818517.1304	303559.4467	310044.4344	157910.3045	184474.1478	388484.9302	81062.33954	331468.1107	195813.182	292208.5491	150227.378	547374.0014	223433.2865	773739.1183	79321.03223	236074.9422
M130T255_1	3.408569341	0.355580975	266560.1524	24224.86767	8374241.234	19394.4646	3803672.748	55961.40034	11040.2324	25712.7651	38222.66794	21225.0033	11432.13341	27184.3353	15265.36952	14613.82757	20456.0357	40948.61192	3540279.149	17688.71082	6545.529173	13961.94489
M174T401_2	1.309944028	0.232255207	176702.6618	4452585.686	3884764.634	4089284.3	5665292.057	2913368.04	3922369.805	1956933.764	4079025.914	4842287.41	3179607.265	3617344.02	2979181.823	2137744.715	382894.9799	5160331.869	2423439.498	4103444.278	353239.6395	3131590.049
M188T395	1.396360825	0.165793534	1380.463836	42640.2043	57417.95708	66096.09126	74035.77324	29661.40778	27986.76158	30565.3961	51719.30841	41919.81866	29730.16199	42896.00278	37890.09122	12701.54802	21430.6999	62545.107	33721.47477	31866.10864	10215.19565	20236.96817
M308T377	1.298768041	0.124065521	166823.7782	343700.7469	211673.818	300621.3568	411808.809	242417.1641	214507.3042	190095.9247	255056.6184	427368.5502	137960.8277	219696.0026	214386.4894	163471.845	194493.6601	319001.7021	316168.1026	252923.4692	41467.59898	268657.9634
M176T198	1.162507692	0.508326388	1341.786019	4978.646085	7613.822425	10956.71394	8630.6538	3852.239297	5392.245514	3449.663672	8938.202329	6850.038266	5011.065076	6133.280634	2318.314192	4360.585045	5558.757343	8027.084923	10588.09026	6868.251996	834.6754839	3636.32608
M339T27	1.051399923	0.920460842	1291211.715	236555.5405	403666.7673	1097545.276	3591407.74	271046.3742	258863.8849	161120.3887	272080.4545	270539.4485	436122.2242	691899.4153	436629.4966	690558.6008	519267.7406	489719.3028	343338.2748	2201533.613	517828.4903	1143179.084
M140T390	1.594814044	0.018386101	2186.979339	57357.48307	50749.00229	57545.94595	42420.12612	47723.68194	60331.13652	35000.69359	66164.23292	39607.53825	24724.26413	32578.34417	25778.49337	29365.10227	31201.93363	44000.9086	30462.50756	36295.14283	4393.623977	29061.96776
M258T475	0.971270263	0.891894016	11936.16389	11291.15172	13479.17872	18276.41425	22043.87407	17232.77775	22540.75326	8816.081623	38721.27816	12962.46489	15068.83163	24212.44711	10413.28188	25986.45745	26479.89216	20493.53904	20181.10923	8899.854382	3625.250064	27183.93372
M255T46_1	0.915034399	0.644547254	17752431.9	18796577.45	16099466.07	10694080.26	24287205.91	43418333.74	23742633.98	29578307.3	13869678.51	11885635.47	15067589.37	15491748.81	17997360.91	22230133.47	28672394.24	23884049.44	31225253.13	11116286.45	40169320.15	23781330.06
M277T67	0.327111479	0.334383876	20990.90703	327319.3792	27872.18777	20860.30659	40359.96722	9375.149238	40613.13689	31048.65772	22878.40658	25368.7384	1182549.682	41952.773	9088.724592	80992.95769	69461.18876	187173.8661	27691.73469	8398.980372	9657.572189	115429.19
M241T47	0.861439642	0.356100283	105374.5815	352618.8383	194280.0379	124092.5177	235857.0717	417621.1205	346445.5263	247382.8469	170845.4989	136448.724	297495.4783	201329.7761	285216.939	256250.4811	187127.0129	370309.15	325310.8367	230054.2412	344067.4047	208735.4709
M149T469	0.572255586	0.229343893	629.4618968	13451.91277	8458.817322	14038.26449	16926.8582	9158.617775	15579.26295	30198.96716	8712.541398	18096.94137	15173.01444	26848.37016	82545.43727	6476.749842	4850.175429	42316.62817	1708.549395	28351.88482	5208.53639	22868.97229
M395T28	1.361604517	0.553174126	205426.2863	18110.07096	15320.47958	23497.19403	56248.9003	50060.51594	18433.69264	14989.93394	37295.79394	14510.91753	34385.98562	14903.81131	72416.22497	51350.9227	10762.88007	72532.8056	29393.89466	16986.42178	8664.102647	21955.09483
M73T395	1.161999449	0.399880648	10173.94683	9291.875428	16702.57608	7564.268786	13447.96326	14583.52042	15960.67521	11396.1552	15784.7401	10689.12616	15282.83357	20272.7753	11443.38886	19272.36925	7671.111584	8733.904322	5400.572082	5628.019662	5990.685759	8389.45757
M375T211	0.899274156	0.624262844	1391.17924	3018.503113	1453.875821	1413.317291	3042.242564	2780.450793	2156.998891	2787.260122	1387.388064	2090.004972	951.5391991	1527.903639	2877.403072	1766.636782	1375.364187	3099.722297	4883.735974	4356.204139	1413.910166	1679.348979
M257T144	1.818737346	0.005518262	2121.043557	27394.13497	35962.95902	24580.98088	28957.59213	24137.70232	30416.41384	29764.55325	24125.073	33639.69715	14038.25734	21888.80729	10746.15991	20663.48181	10345.30437	27525.3233	14283.95494	12452.86065	2508.080955	9108.988251
M383T382	0.971651632	0.875101481	16339.87932	89698.92116	88422.89887	113889.7831	132348.5039	99417.44659	98793.58258	80742.13236	134705.497	116637.3317	124438.0077	148915.1119	64280.27713	79490.68765	139314.1806	163645.1089	83543.73472	94023.4923	13801.37632	87873.23857
M174T163	1.190379918	0.593382354	148.0137513	2794.170315	3433.443029	6689.408057	14216.70538	8426.055336	5659.454568	2935.072588	7764.308576	5042.319572	2061.421081	4693.471436	1577.498139	2297.347954	1547.303866	10939.64356	6379.378461	9008.22402	1290.644403	8180.465779
M296T100	0.619803858	0.141605503	8586.593999	92282.87081	42074.26106	43188.93673	55379.88482	45246.27244	44416.47474	32210.31263	68918.8378	56253.51731	105124.4568	92401.25792	19651.03357	49293.90201	199817.7547	123822.8873	65496.67296	91535.80123	1033.097832	40069.21721
M283T193	0.926901672	0.664867576	75617.68685	59593.5504	63542.0023	107306.4323	63326.7557	50486.64116	60293.76816	55307.42581	74428.72085	133852.9867	41593.48038	83219.8933	121506.6672	49666.20149	127716.4716	44842.89341	112448.6037	97526.71538	55039.02038	68850.91621
M117T395	1.269584225	0.261721571	8560.798313	27673.0971	69157.39035	21536.13975	39217.00155	48301.9948	56269.88335	53282.57753	59476.61542	28234.74328	57367.57881	48023.61668	28921.68454	45176.64247	29618.11415	32618.38769	18241.46416	12569.53924	20991.2886	30759.14191
M341T365	0.242163611	0.125751822	6855.363859	25601.92426	27031.29196	15341.66709	19846.675	29043.2423	39536.58927	32090.95214	38445.33282	18732.83261	47800.65852	56005.97301	115515.3953	56502.97552	35024.70648	74984.03984	538803.0515	20006.30225	21938.51476	76208.71205
M397T30_2	0.717765073	0.103427152	58709.64655	33391.90448	27566.3205	145404.6119	56807.4488	50748.81526	56044.92188	77493.71602	117799.133	54907.43867	63113.97329	74687.99623	118526.7086	114258.6962	52986.03703	129330.9679	71934.88726	153883.4776	80501.39349	86592.23444
M498T153	0.717393378	0.599223005	17943.57157	371601.4575	35427.97325	81334.51655	20161.74614	37034.77027	17274.92563	63400.02511	10116.84924	18351.16527	33249.62254	389280.5027	70391.7444	66811.81854	36773.95673	52762.10987	62219.45859	34598.78556	19796.76176	171741.6813
M125T76_2	1.089773459	0.586462766	2548.016395	10204.64983	10597.02315	8396.875363	9949.19886	13997.27814	7015.147845	7798.242426	6084.312695	10555.83545	12798.84085	9452.959385	7968.779932	5631.596809	5453.178537	9972.35951	10635.89182	4999.273401	5430.109063	7624.621789
M227T35_2	1.330328247	0.081877313	271887.15	216879.4712	177066.3455	461389.1645	273827.6121	251311.6308	141258.3832	239074.7842	346158.0608	418277.3231	197932.529	138318.0262	213787.9534	139402.5751	199523.1986	236374.1307	214665.404	355523.9489	239819.4207	167239.0979
M111T88_2	1.317542876	0.187542978	4608.953081	745531.8826	416449.1663	425242.7034	705724.0139	846229.2849	505191.4003	683331.7908	379771.5529	480772.2216	481643.3206	321986.2436	370191.5423	445192.2663	165045.9938	737894.0041	347029.9689	503955.0752	264751.7428	303625.9588
M167T326	0.615343356	0.158757407	19655.30568	6235.781815	7073.862062	34316.85744	10506.68473	11031.82031	7614.649351	50007.787	42834.75107	23457.65269	10750.87054	9779.400359	48705.62421	29249.34965	6247.413985	21197.57301	74589.54592	53904.37972	30682.40457	60611.23965
M323T420	2.123913055	0.011484445	18918.69085	41177.74454	12813.76418	30127.16303	40068.42659	17535.36391	12608.63333	5821.081513	17588.06683	20690.11877	13667.84506	8228.689036	12424.07497	2130.789027	21353.32157	8632.486585	10823.20403	13219.22341	5840.218701	6014.3995
M101T65	1.400377878	0.105469317	121617.7426	65912.55953	38816.06787	144191.8041	107380.4975	40225.22475	50512.6603	61579.73128	94966.33183	128340.7308	57144.12645	52246.48252	20800.24882	48286.03867	61223.57033	68490.33632	69281.66887	114655.8965	59229.30946	58151.62957
M151T218	0.601637295	0.123899477	5978.312921	46363.67834	63975.68251	119731.8283	191385.6974	277771.656	60617.8223	718106.1252	379866.507	332574.9246	200775.1028	198365.0708	567025.741	492854.4704	107983.3274	289550.5792	512055.8713	585087.0401	190212.3074	506748.8731
M283T216	1.113823262	0.566579282	6492.423765	57675.45678	59760.68192	64732.84374	60716.4858	61852.99825	62328.97197	44399.42395	104006.0718	67695.93776	77137.45774	68679.88294	38929.24747	64472.54879	64970.12633	77564.93944	44008.59298	42026.79224	4905.269629	46708.06989
M211T327	0.631959528	0.304073321	2577.613664	7752.186405	18612.04352	16857.69486	7951.229279	5286.754633	10812.44696	6439.175765	80145.62726	9317.217199	8642.956489	52767.35167	13358.29932	19490.11667	30664.39905	33600.95696	35429.71146	51988.6257	1684.221238	14655.96364
