name	Fold change	p-value	G2-1	G2-2	G2-3	G2-4	G2-5	G2-6	G2-7	G2-8	G2-9	G2-10	G3-1	G3-2	G3-3	G3-4	G3-5	G3-6	G3-7	G3-8	G3-9	G3-10
M295T105	0.364939665	0.014768578	6275.635207	15861.16635	16366.88216	6489.81895	11094.83183	5374.028786	21565.29569	21776.33349	7235.811913	6565.625499	19110.45408	15949.94916	8388.104471	43354.50078	15328.98275	19652.47	81054.30558	20600.88213	43262.04469	58298.41251
M102T349_1	0.432852867	0.00687662	21813.46505	29413.1819	17995.48195	24629.29758	32516.79065	63868.40469	16537.88223	13998.98605	15477.42696	36774.0548	53200.64714	71065.16846	85509.51497	86816.64929	83665.34862	91049.12413	9636.77345	100024.2901	44723.06696	5066.407441
M170T359	2.195367138	0.004851188	5766.250784	47743.03325	45590.04685	40261.29074	76471.96875	78158.86464	48070.80498	60329.52178	49565.36148	50102.82133	70651.43479	18882.86478	14308.0919	14460.9331	16268.96943	29760.16766	19685.52667	20471.11044	6434.21898	17767.34445
M504T180	1.938152724	0.041952594	113855.3331	508689.0752	477832.6607	85851.35565	322975.1438	144611.0483	525840.8916	563014.3027	131409.8925	162572.3492	250312.4588	201284.5639	244865.1815	101091.7068	104147.716	196236.3311	199925.1936	75609.98648	6664.445015	186638.871
M152T260	2.191235181	0.010602902	25126.52116	822328.8572	502321.6685	1034104.045	666501.3825	511178.5367	562675.5221	168849.0715	591441.0328	921817.9009	371504.2719	449423.827	93273.20047	143733.1006	280209.3615	447924.6068	309826.904	407048.002	15004.02287	131857.0632
M339T44	0.368412572	0.010641149	5195.632049	21457.07991	5537.868082	47462.99413	16621.72044	4375.682447	23694.7223	2728.294011	49234.88673	25268.51072	10427.33517	78301.47122	34030.5673	72747.91088	13049.89857	76423.30786	50410.00335	118797.6939	25708.21276	67254.82573
M136T158	0.438447542	0.034627988	351195.4145	160640.551	124192.8092	78291.52443	150881.8223	43567.65639	84412.14915	85776.6478	102531.8542	103282.3396	238112.5674	172129.5816	62769.24151	630608.5732	524299.7128	561672.6245	160429.4089	234618.359	30687.23822	314949.7415
M348T407	1.850933536	0.002740318	37662.81536	123573.9169	101181.6982	145273.5184	128119.055	96323.84938	91995.80367	68328.30055	85130.8992	109598.8136	115063.0284	41994.82261	48253.02001	32762.3023	52328.50011	63508.1315	48821.586	67053.43743	8165.570748	55395.9643
M246T409	2.111209122	0.015013766	95864.84336	690359.2574	295763.7573	512068.6196	736783.1927	307192.0995	387581.4046	135667.4478	456482.4994	329556.1965	150135.1299	245456.2428	110177.4473	84207.66735	302518.2605	174391.748	279146.6117	421176.9659	16839.46262	85646.49568
M276T414	1.760051093	0.025406793	80103.5711	159670.2558	58787.80724	93906.57368	111588.5169	70404.71896	70652.79109	32483.88405	79052.90577	59386.31692	30322.80343	55721.53259	24412.76678	22341.29146	68679.74822	49168.78189	62286.8963	111198.0629	9577.229812	29935.00745
M274T373	2.934341026	0.013325236	101154.9551	99557.22161	19604.97932	75395.74647	53577.22524	24091.72474	24522.62894	12961.24572	26276.91328	26129.14109	10507.22138	19772.26895	7500.482386	6684.8455	25393.37846	24544.69962	25768.17838	26411.50809	2779.846097	8516.896475
M188T255	3.080178608	0.026990782	84688.60129	373392.5098	197833.6662	1109162.51	344398.5067	346284.8169	256286.9491	177911.3234	617175.2563	1250650.158	109190.4084	134447.0081	111622.9224	95640.78054	87215.73748	175715.1015	222506.2938	510902.2158	11667.9572	85737.1628
M146T255	2.757657898	0.029393892	8550.919637	36270.37654	17192.15566	90644.94579	31829.0237	30005.10837	22120.31552	13782.57364	50666.7873	100468.1987	10789.55586	12560.47568	11113.02569	7946.633264	8634.460731	15607.8538	19476.51874	48793.55534	2113.732304	8569.778469
M183T295_2	0.216838461	0.00350485	3049.667046	4189.507351	5992.756998	16033.49304	6559.523322	10686.78283	5118.067328	5258.004167	9598.152938	11745.12043	4092.85754	40826.10022	17620.63011	94308.99089	46578.1017	61319.12658	31265.41915	22278.78245	16447.02307	26043.40861
M136T296	2.515744499	0.019351777	4883.004492	34444.00381	36323.51097	127011.5469	38440.1087	60335.11907	32264.01901	22788.08842	74980.35278	103409.2454	20716.67265	23392.93438	14865.55201	20863.66696	16032.09516	19621.93586	25988.65475	48931.1035	5800.137071	16399.85591
M277T465	1.595183143	0.010477203	102850.7863	159790.3951	94154.07862	123106.7952	138079.4217	80916.13134	123224.6541	71617.00878	95660.88993	160376.9176	89023.97084	72465.85264	70296.50701	98437.8327	53602.41111	129798.3676	35946.22231	107084.5935	7854.882342	56269.96986
M204T446	1.416244606	0.0410741	87812.11585	151478.8331	61827.99324	90207.44451	127925.3307	78555.75233	99287.22153	68034.60008	94138.38487	71682.19679	59360.30803	83252.66321	64976.66604	37879.22301	78773.72525	54949.59471	105942.9675	102051.0881	16145.26481	54005.42336
M284T261	2.162611522	0.008740423	15647.74224	296936.3088	191319.4613	363664.3004	245038.2442	191284.4397	203038.4379	60402.01769	214211.1382	318867.4221	139389.9178	166775.0888	38027.01061	57565.53121	104839.6918	158840.3682	109593.7222	137496.0185	7085.414353	51624.78471
M271T415	1.873016752	0.01385141	38172.38134	71926.24493	38768.88369	117129.8859	65077.80028	57485.54855	37139.91164	20457.77431	56637.08023	67082.5887	15510.41516	38174.62467	22957.11079	22899.69121	26114.54368	49899.21031	28063.13211	61663.25911	12179.37755	26795.44406
M269T293	2.382688787	0.000560936	32482.23481	91751.47308	71725.31973	125328.24	119815.9318	54955.17105	114811.5751	79920.88325	135662.7083	143969.5067	56769.41051	52852.07009	38683.77328	21452.54382	78518.52338	35961.62719	42735.15843	54178.53484	4449.508189	21679.50282
M243T359	2.371002366	0.002761372	9897.84965	133105.343	56900.27603	100825.819	74260.19784	71443.91867	109167.5234	54858.84476	75195.02936	113221.7015	31400.86704	48757.2259	17249.4841	15272.98747	45139.23011	28843.08591	84139.48355	42021.68368	8269.706842	15842.4352
M112T361_2	1.482002768	0.049333451	69938.29715	250724.5674	354282.9105	350740.3544	339358.9572	346971.6112	217362.8016	121436.2175	278363.7204	379638.2941	159509.1766	229663.2063	129542.5487	164522.6837	99399.16015	210769.8464	224473.391	362400.3016	101981.9619	145546.5436
M279T171	2.478358594	0.045578144	182496.4479	85085.17373	53614.48088	14873.06976	66744.07558	23965.15767	58729.0801	23992.63666	41118.43664	24297.1621	36352.33119	25540.84775	27488.62271	15013.92279	34501.15764	17668.52225	37553.98268	17240.15087	13695.41965	6919.431654
M134T405	2.712349826	0.00025259	36801.03579	131609.2059	75992.20507	153250.0499	178055.5927	131717.7969	124055.9435	82540.31614	94056.29278	171889.597	98637.11585	33466.6815	46580.72453	25400.40354	29805.30731	54044.08497	38115.61643	69724.58669	8998.411912	30262.40985
M227T358	1.716800026	0.007773192	80453.64401	95401.28116	36046.51852	71730.78475	66497.51647	51589.19623	63627.27641	51962.79786	48107.72161	63033.40707	17799.81005	49203.26447	38181.71354	19318.89176	29284.64328	30126.81813	82923.09252	59420.35848	11765.17642	28035.25666
M203T38	2.012178869	0.024391082	43173.25804	130968.0711	77326.16632	20764.23296	123503.8911	71019.64433	94852.09468	43672.74359	27918.65195	34114.69351	35053.90914	47562.2914	23527.47738	24217.69867	39642.70896	47340.62715	67294.51328	13776.97662	11969.0366	21252.00136
M148T450	2.374237023	0.011438036	21491.91512	119598.7958	61641.49883	155154.1021	109575.855	92195.09043	70781.073	45987.15841	144316.702	221578.7396	86613.47399	36293.53963	36349.29148	40132.63339	8710.069352	101038.5847	20974.18898	76215.27921	5990.51624	26695.42812
M156T377	3.020819598	0.000283658	31005.59627	387695.9234	270610.5856	320604.5069	610522.973	445393.2518	401606.6221	308875.7303	235722.623	482092.9143	154425.3254	171304.071	120674.6017	108558.3856	83552.876	106062.8695	186565.4833	130840.8816	20597.01988	74101.50297
M132T272	1.676003161	0.008143857	16518.36211	283067.8557	213615.2951	254019.5805	291212.6937	264138.6736	261025.721	167801.8266	223780.1451	312260.502	100671.629	149407.1332	150582.9096	144564.2912	107381.0395	168916.4622	216211.411	173833.462	42292.70689	110957.7744
M132T260_2	1.91632344	0.003056682	65120.81949	932506.6228	657745.5576	982481.5358	800294.5326	799699.4001	687233.4069	447072.3621	662973.3005	971466.6776	329601.6061	427452.3592	377227.8644	302098.0743	327212.3737	455247.2656	570387.8067	496563.1441	77752.51298	292726.1119
M150T280_2	2.062701874	0.002733428	7215.756548	154475.0791	91558.42571	170603.4756	170326.4398	131864.9247	122754.099	75967.18995	116090.8051	166077.8886	52000.68815	74619.35062	53715.07891	50613.28183	47062.85503	73395.56557	93275.61742	82111.66784	11247.54785	47081.23804
M166T254_2	2.158178937	0.004188907	82070.58413	1671552.745	1031197.169	2132469.019	1462739.635	1305229.911	1100837.394	749710.9815	1295818.017	2111759.453	529147.8846	622595.3586	631294.8576	487001.7827	492731.8581	736925.5578	1007710.8	968352.9951	106257.6834	415345.3351
M130T399	1.533445343	0.01358339	267295.2411	1576246.579	1163276.929	1697979.103	1611639.566	1203321.654	1324040.607	1011101.016	1173294.549	1533612.794	1222405.425	950025.2775	785338.0817	752681.1205	716350.5637	1213437.951	708351.6603	840448.9431	210867.7067	791978.3569
M120T349	2.135546082	0.003083064	1966.180955	63227.64125	40013.46014	55089.14918	66949.09773	53942.17728	55506.91758	49361.98349	49004.32601	73972.05825	21447.82355	15710.9587	33066.5243	13901.45628	8285.730561	52094.19594	47951.02985	19804.88446	10174.41062	15924.96548
M205T255	3.097634956	0.022888817	25851.04937	75740.39683	40268.51975	237606.7845	78358.27668	80975.88181	55598.50792	39329.16065	135891.9109	271463.0189	23957.52117	29481.89165	21099.75115	21476.30138	18931.70251	34524.46925	49387.13686	105569.3324	14644.20325	17017.48855
M182T296	2.651892986	0.012125416	7503.655475	37860.34917	49304.47478	147402.7011	65652.55219	64736.4066	35102.03832	26087.71044	83996.93435	118673.4896	26247.82117	25831.93783	16074.85062	20585.04406	19688.36539	23939.84718	30730.42194	54562.04691	5688.28823	16600.84503
M260T365	2.339047132	0.010593265	101614.6563	74572.07318	28978.87385	81940.3103	96436.02723	35890.58537	44173.27609	16217.24968	42610.89796	46267.18672	13119.3579	28249.13876	16087.44135	9737.212177	32633.01593	26307.62129	76788.95341	26154.20911	3506.459272	10550.27069
M275T554	2.406947562	0.009327436	94460.33819	22010.44063	21708.11268	37551.7186	54365.76201	30908.28145	32212.17761	15526.73756	35643.80258	37325.37808	16299.3582	30549.1576	15473.81738	8313.790248	21775.79474	8274.114755	29600.6709	11951.10453	4340.27522	12009.81231
M246T389	2.195918	0.007424556	188128.2013	106525.463	45561.0167	100784.6627	96577.06434	66859.01296	63722.39951	33153.81325	75450.67702	72752.80901	25421.39862	50776.07086	36442.99099	21514.43662	49769.02039	44411.33448	84777.31426	47447.23024	4523.1182	21778.12467
M337T153	2.768680993	0.007686044	200642.2421	105512.0568	100816.9839	117461.5205	163776.3979	73731.77485	85755.5808	306736.5151	45295.02892	56272.00462	90251.90442	18712.82055	68595.16658	40456.74429	27729.66761	21784.60827	27928.25032	46281.17094	95812.08697	16093.23615
M305T450	2.024239675	0.04916393	11020.85454	62343.21985	30258.20459	89317.97613	59220.96493	24583.66781	28070.68402	22021.67928	50328.58153	128196.2392	22968.5539	17879.09444	17966.87405	30578.02122	9033.717504	46899.31175	14525.90177	43834.33119	13834.03026	32135.41872
M292T368	2.165968018	0.005365872	29243.25927	72882.38176	35447.54485	55276.86789	64901.49396	28829.51194	39137.12815	18564.59099	22442.85651	25502.90362	22084.05748	31439.44409	11355.24784	9104.665438	21404.20322	20390.15225	29548.84129	24442.01826	2412.725987	8905.592657
M123T60_2	1.437773985	0.017999411	16921631.63	37307732.4	31283646.92	43353391.72	30468045.88	20265736.72	33726045.38	27706454.46	39939760.92	34990452.22	25216323.71	28246090.12	17183953.55	21444603.33	26819659.74	34714866.39	26015724.49	11599065.52	6806800.394	21711304.17
M232T429	2.018419936	0.035528618	19768.3121	331591.6116	134148.6011	312583.6961	428250.7855	171966.8058	159177.2726	85727.36832	235871.4877	153742.3983	64401.45676	156838.7442	64422.64886	40950.66717	119993.0771	70510.01002	135785.9908	263934.0284	24259.28825	66042.5451
M142T457	2.125969685	0.003556594	2790.972625	63186.77419	51242.288	81156.01437	77241.01536	45652.94564	49435.22634	35273.58337	51101.06392	70559.52874	34183.60823	24093.41342	19196.62334	25995.07159	12429.64709	48825.34077	19141.08973	40828.69172	5541.911844	17952.2487
M294T324_2	3.289905669	0.000439346	16421.4596	44222.5147	21743.39347	44690.69439	36191.9412	13357.82822	32204.16585	6283.086707	38803.27278	26232.13453	9209.177034	11135.34979	3567.36257	3190.778649	19496.37828	8335.012803	14204.34534	7372.946353	3109.633981	5533.581822
M149T254	2.037126825	0.006576499	5143.987117	90640.34363	54401.84486	107857.3426	77605.73819	67165.25448	53897.39241	38077.96461	65374.65963	110054.6541	27117.4552	35248.27917	33240.772	25798.38041	26627.93612	39858.65509	51823.07179	58210.00325	7222.615211	23855.0193
M272T404	3.089133948	0.004429607	11211.22229	86546.73626	191757.8097	243646.4626	117164.3493	48502.56754	161498.0351	90117.31331	92482.48236	138070.8771	66956.86343	25742.43493	43086.55417	14061.17008	28936.67097	20741.46517	30518.17451	130438.6939	4194.541922	17630.53552
M173T411	2.891737752	0.000482392	14047.733	49375.11593	46108.07151	76263.54151	43716.62255	32030.38722	28864.68859	25642.7169	18165.53936	40510.76766	6795.920916	16405.82231	13252.81201	12305.85223	12404.13151	14878.26926	13028.91624	13577.59108	15146.61092	11788.84794
M263T235	2.484862846	0.005636378	8225.947874	88262.04704	31529.61707	15744.80211	90675.52301	46007.81939	61422.67768	35452.62395	64128.08908	69160.2501	25248.74369	25606.34907	15167.84188	9960.070991	37373.48933	18527.03208	29391.8022	33312.49918	2070.206311	8829.925365
M217T326	1.726922817	0.01319894	24510.61952	104062.1026	47231.33908	92375.14591	68705.86494	33491.52103	93085.99338	47805.36392	60394.60164	102145.3057	36043.88588	46674.30014	58783.31455	28419.49286	31072.1582	37830.58559	60769.67978	49468.97742	23361.56545	17754.36829
M150T54	1.66761323	0.029097913	33743.23733	130472.7133	70340.91369	81172.08672	66042.08745	39396.14221	76237.57737	51346.61605	45971.77087	108148.1994	81485.91128	56950.53294	54458.21501	28756.01319	42075.77466	50665.07773	53717.11155	14117.94053	12428.34861	26828.50468
M522T449_1	0.365183364	0.019555785	3623.500999	120393.3141	54536.96101	69850.58766	53541.88723	66231.37385	94748.56626	96320.09448	105983.5186	82688.55526	103937.6407	112174.9506	367654.041	173867.4376	106252.6291	452071.3651	439816.7556	79349.40593	22270.26909	190668.0198
M303T427	1.820065877	0.035661052	26241.95714	176892.7714	80006.39453	168999.473	194631.7168	101514.7071	115120.8816	23521.58179	184801.8933	131737.4317	48945.31652	74579.3087	49609.24009	39274.76355	77745.81936	58563.12443	120516.4083	148528.5288	6522.534331	36937.62014
M234T432_2	1.963209172	0.001566755	45171.65415	93598.54547	49959.7323	77078.84328	81580.29327	47291.5788	60197.76586	33800.72563	67890.68502	73800.8515	27668.39824	35754.4847	28576.35706	14877.43611	38789.2123	30568.54362	58924.90115	63017.87322	4815.091721	18099.65908
M300T35_3	1.68380108	0.000532517	535455.6428	443491.599	385839.1177	707626.5615	615274.9899	665822.7289	569025.7574	671690.9902	734433.0903	822465.1137	260298.8766	562003.0736	306932.3461	188781.1597	223002.3151	354280.8837	462950.0592	568018.9431	351184.0057	375667.2628
M126T292	1.842461154	0.00865322	294180.0822	5038698.095	3606890.953	7110163.691	5414124.964	3783605.691	4607032.482	3346295.344	5492238.773	6358682.888	3807759.351	2986726.04	1543220.463	3069213.502	1348761.461	3566180.457	1927302.372	3440464.584	388716.6225	2373683.813
M276T400	2.287882629	0.009231782	308618.5101	229114.5096	102365.3373	191987.9311	302327.5324	113152.2179	123544.3659	39874.39087	158107.0406	110240.4291	90989.75156	88659.69459	62434.84668	31243.86925	61406.99658	52095.41449	119366.9094	185558.2687	12300.7819	29955.01248
M248T416_1	1.871432968	0.017888698	4787.777153	123581.898	55836.49302	101841.3369	118049.8412	60968.44457	108982.7718	34141.07453	95643.35847	85784.17024	46484.41505	46950.11886	38806.4698	19270.49183	67781.96823	43982.54002	60756.88002	71650.86077	4573.699799	21674.4012
M165T296	2.775057114	0.011211211	6550.303696	37522.55841	39530.64825	138195.894	45534.01507	69655.69947	40699.10711	26163.9296	78702.6607	115090.4867	23271.34294	23404.97249	14342.23894	17913.52666	17702.04462	19849.63933	25921.32047	52614.22482	5433.153385	14910.78061
M213T416	2.667255542	0.004161617	9657.781107	369580.6013	134657.8898	241878.6245	393694.8047	221213.4004	210000.2114	80079.1882	183887.1908	253535.6714	66553.59189	115739.4379	47380.99775	46261.51448	71154.08118	91410.34722	105631.906	170653.3348	7002.565297	64858.02119
M120T254_2	2.147244092	0.003675744	228763.3145	5032703.605	3328432.094	6829992.765	4421504.898	4271238.712	3535917.609	2474400.703	4311695.255	6356800.822	1689532.144	2046986.185	2100320.247	1455357.745	1535936.959	2360101.791	3208843.68	2953345.39	328968.6127	1317725.428
M61T99	1.971068061	0.000346201	99227.26738	257430.5837	296661.2025	315086.3346	280993.765	194999.9265	346383.7106	274857.5372	389018.7106	384900.3798	230709.653	140850.7733	95908.81089	189300.2733	114710.245	202713.952	119507.866	119668.9257	76928.67392	150320.4963
M246T370	2.313040231	0.000363291	122376.6873	161259.7929	71955.06553	118422.8588	179015.9859	103889.9135	118180.4314	47329.4116	100639.2969	140713.4376	58279.8841	66149.61709	49511.62052	21331.53932	75291.4737	50209.81422	97470.4139	56091.67669	5253.700985	23550.1815
M309T27	5.032520888	0.003258304	116690.4072	556152.0105	386131.8316	669904.148	120916.6081	408629.2761	464164.9933	365508.5484	472936.3059	108358.4502	621251.5384	5231.01352	8237.468736	5781.235937	5406.288607	1519.667114	11580.29186	56582.35876	7801.154987	5745.067365
M325T449_2	0.479670788	0.056100861	1834.642053	90656.25907	36698.74582	46644.73411	36460.87728	45995.3414	61591.73588	62140.47612	72444.10185	58840.21266	72912.44283	65448.84777	216691.8669	82780.65027	46203.47637	162851.2297	271122.8792	52151.56868	11551.95063	88408.88692
M218T427	1.496472179	0.065474172	111601.1953	244137.0396	97829.31654	172527.4768	196911.9516	111236.7136	129423.9127	65687.22659	176682.0336	111967.8523	73057.00397	92179.75213	102842.1653	46550.44698	127701.1783	87307.52442	158038.7874	190562.0999	11551.32917	57774.75127
M279T44	0.573768962	0.086010235	74125.00458	167631.2226	87670.74165	40793.19281	105297.6551	226899.3288	122845.5608	279382.9861	44429.38061	92513.05028	75261.62309	47198.53714	235782.7478	360457.4463	98991.33117	333953.9618	444105.0255	66673.34365	211241.8863	290250.5943
M304T445	1.421052371	0.099501722	218964.4294	558185.1223	255666.2815	462094.888	502062.5701	334602.5358	399764.8155	232655.5947	428437.2275	461205.4997	273523.7829	261480.0864	255326.1421	176039.8262	323894.8229	178106.998	399048.4642	666255.5074	59231.7721	118913.1068
M290T480	1.369819961	0.098656558	37303.4689	198112.3356	130198.3104	180894.4877	163247.2211	124941.9393	139437.8416	101725.7022	146755.8547	159528.3791	103241.9915	114784.473	59003.91824	93111.66496	110266.9733	174047.0946	88538.53854	181907.5105	11187.04836	72908.743
M102T349_2	0.797330785	0.068777572	24272.56541	82049.96902	64426.38511	94406.59768	74454.48149	64059.62954	60099.24304	60130.46866	83488.40655	66908.31684	57229.91583	75361.60128	84823.09513	91343.87125	88314.74907	95300.10387	111580.3815	109073.7646	46146.58675	86517.6761
M277T44	0.467985197	0.06578509	23726.53083	74226.07402	38419.04675	21585.31534	38165.0705	30391.2773	40142.57634	42141.02389	8261.528946	16219.50474	32519.645	29054.39586	61311.47728	44939.04213	22687.70096	108902.4486	200017.4502	11627.85393	122425.3605	78669.51983
M114T167_2	1.437597412	0.074018098	110017.5113	2981821.439	2544955.758	977965.5894	2222005.205	2270152.253	2730542.741	1828442.974	2800326.193	2763173.012	1790171.283	1227903.839	1177678.604	971924.6776	2431671.797	2119812.883	1442549.499	1842703.926	619307.5504	1143555.362
M147T512	0.819786226	0.087286896	107635.7045	536077.0717	405957.6972	391420.6615	460533.8539	404334.9228	372657.7856	323231.0998	386080.524	490283.2479	446823.7921	416210.7613	609875.3411	429143.452	405003.1874	444140.8325	487541.9584	666790.6188	369819.4498	455411.4391
M258T401	0.24327597	0.061278437	7831.752731	10312.7518	5536.354542	6293.005172	10296.09202	4559.792345	5818.640971	75371.91214	5428.622012	6463.962462	3906.076607	73277.43751	673.0115208	3133.863211	81670.76447	160588.6395	80697.73388	158359.4881	1160.005621	3431.906058
M137T255	0.305299291	0.054992619	2901.3278	18274.68903	13167.12892	30742.56533	12049.92772	47978.4829	13192.83428	8890.842793	16578.26149	20967.70712	57139.86815	105723.2297	89588.87065	9525.471943	132555.647	180316.6293	9289.161557	11166.87384	1860.32392	7957.396987
M288T327	2.790321611	0.055643079	410433.052	92814.53063	69438.58899	95958.1665	115661.217	60404.45067	71705.77239	33493.20463	82263.52014	78672.64315	30532.03862	58886.66934	18976.63525	19981.4779	64861.83696	49462.97745	62123.9087	71152.83141	2991.097887	19137.01771
M245T184	2.679319789	0.050871834	146413.1079	39620.28927	22254.26336	69361.37887	38524.71795	27295.07777	27932.49785	11609.25533	24730.31746	21754.31256	18748.44306	19154.95272	9481.905758	7705.122437	32995.35585	20595.35167	27191.01422	13159.29037	2566.893066	8701.766427
M118T255	4.551402434	0.06236102	177542.0659	27374.20498	13640.83381	42108.81936	20314.70405	18212.90927	16016.19294	11675.70993	27108.1746	50129.22342	6275.228383	9086.419174	5030.957223	7062.182854	6292.066943	10761.653	13462.13802	24780.77426	1309.132094	4730.28651
M162T349_4	0.831777358	0.096755895	5430011.207	20649095.72	15552152.97	19513462.1	17320110.85	15330268.24	14418158.53	12662741.19	20314731.95	16096695.16	14846223.18	16495457.03	20684688.33	20598899.83	20479156.66	22700022.4	21162336.64	21528116.75	11185582.59	19417508.21
M189T504	1.572130452	0.088810017	23685.39633	283719.4013	216403.3372	194651.1296	348875.3623	175776.9647	100741.8345	289274.163	84556.45079	426685.8898	233498.2386	50923.46719	72872.74789	170081.9902	183982.0788	171601.0366	119110.5584	118595.1498	96148.86803	147175.6831
M153T78	2.132635061	0.08354939	35882.28572	85721.05789	228444.9198	108006.0774	294402.4311	74700.08868	146882.0282	237593.8182	84924.45802	158503.2848	361179.1739	30147.92021	46853.36788	18276.14299	23979.4305	55293.60186	27449.54018	49461.52492	25819.49457	43822.71034
M203T477_2	1.399101692	0.088872984	24162.98848	958245.4582	656054.2951	738651.6087	1053404.47	855666.3052	697246.1384	683022.0274	533398.5692	1157648.161	751610.0338	343070.8168	923404.3637	523707.4954	372569.7243	582584.6242	447782.1395	546097.4847	317476.9075	450427.8245
M220T274_2	1.612856769	0.062871369	14013.37855	198840.5654	201282.7799	54175.14445	234202.4532	145534.1833	227465.632	144020.1885	77483.78099	133769.2557	92779.74067	89003.04846	81004.84463	117798.015	68868.45373	182719.0492	91798.83513	42146.80003	22639.73334	98355.19609
M245T416	1.530833223	0.071825665	27824.54197	527547.7335	280151.9007	432521.0884	379916.9649	191168.0677	301626.0464	202036.7305	242470.1586	414211.3963	160855.2656	237713.9384	191559.3954	157390.4564	112321.7766	308877.952	229168.9499	355485.487	32082.28398	173918.3731
M203T352	0.076514161	0.079556757	3753.699246	3792.641106	3653.117017	9814.172557	11667.56052	5451.929764	8132.237468	3284.684191	4537.374115	9049.578302	943.7750783	3935.820565	1913.524242	308982.1439	257441.3711	3141.460723	3442.400545	4755.53736	752.5738224	239858.8264
M298T94	0.486719512	0.06611882	408185.1071	4339679.389	2637564.647	1844918.614	3069327.498	535007.6673	2178703.443	1413601.809	2330356.619	886686.8017	4681771.779	4950535.586	737368.3364	2951482.405	10656429.33	7311589.327	3764013.137	2587041.546	113476.8779	2606357.607
M231T198	4.457840791	0.086060792	381842.1294	56190.00916	38044.37197	60939.97983	57658.27317	29324.59653	47057.63007	19098.59564	57209.04091	49455.17391	22334.76939	19202.7438	10160.20171	9361.255482	37132.12563	18165.13779	30111.49265	24662.59125	419.3704396	7195.995679
M809T119_1	0.838766792	0.56444802	124485.3959	2243271.111	1299007.109	184948.3855	3555160.338	866953.5633	1538667.539	1147868.068	155895.7766	360009.6232	1107644.479	1149418.419	1401527.86	1533133.662	1265851.036	1693358.532	2309622.441	769745.5905	817026.5684	1634980.988
M317T158	1.248617924	0.578906523	3457.446253	14011.28494	15229.76079	2772.832536	14220.44611	9786.079967	6812.172101	25925.42715	2098.054015	12395.77985	2788.141404	3829.820215	13220.03653	5780.763847	3821.277249	33463.52079	8908.420358	6322.150796	1767.631022	5560.15665
M504T194	0.939414508	0.695056471	77275.94354	196251.4046	138226.1755	48481.70364	158118.4224	87462.93711	124407.5156	114181.9629	59837.39711	105275.6487	76470.52246	125479.0074	120980.6118	154047.7925	111880.9824	107019.8482	131338.0884	150234.3622	49931.69219	153692.2214
M282T129	1.891075859	0.136285542	76575.07085	13186.46289	22467.3838	12479.33396	12756.9112	5105.390468	10675.9688	14621.37878	28744.83503	49811.24831	9067.29746	13676.2196	7911.802426	12188.27581	7039.135181	27265.5374	17288.87352	23645.32131	2135.36121	10091.05973
M126T325	1.557974114	0.086123472	939.8882421	50510.68196	77121.05875	69517.54256	55986.11529	86548.51237	93417.44982	72840.15273	56197.17873	153809.4061	80366.29458	37512.75764	19447.19202	46851.188	36977.41435	50861.18435	36502.80265	88420.20942	41991.0935	21211.00468
M137T286_2	1.172205353	0.510011241	20904.73718	933041.2056	425241.1741	506675.505	824511.7279	432909.1456	501277.4619	260283.9233	398637.3185	425848.3203	804472.7142	484030.6184	194958.1328	407896.4971	516193.8364	443153.0215	326557.6269	489676.7733	65047.35218	302571.457
M468T194	1.11385716	0.605177475	100081.7422	194384.86	171488.1575	59761.10335	115590.405	66558.85284	198934.2105	140526.2072	64967.39733	171892.6968	90813.16178	157099.6609	176912.4254	104736.7474	53821.12034	141848.933	177307.4941	65741.27938	17603.86937	167033.0059
M532T177	1.36870706	0.311337215	15921.52213	96906.67344	140612.8643	28008.53437	50995.59486	23278.96337	86538.69054	108633.2167	37863.88273	27359.78621	33429.05481	61357.97574	52983.44319	46253.70332	23140.53843	74031.42826	33407.88071	30058.76892	3974.482243	91509.98121
M454T197	0.868241954	0.468479678	144823.1286	558941.163	453718.3645	182450.8593	308933.3079	260777.3053	483446.5048	452056.5225	245954.3765	288254.4041	246057.2793	525248.9837	477358.5746	502119.5289	195242.7927	410942.5755	576520.0663	353818.9378	71275.2102	533598.3177
M313T158	0.795892209	0.406166157	14780.51385	39098.74739	59458.98523	36391.71923	75595.78286	11493.26699	55280.24538	79040.68974	15291.08206	39947.81293	40106.63512	76095.92585	46572.60777	52328.85915	26584.29624	45365.98407	135226.2259	44723.18282	19404.34271	49316.30235
M538T185	1.519353244	0.142396305	4668.58128	26580.37114	18604.63972	25297.33488	6106.369011	7548.687971	20183.91327	16140.41744	5965.511461	7338.57474	7044.956051	10255.36962	18151.43044	7598.554517	5759.342433	14434.9685	7036.686844	5226.342645	2572.257408	13034.1241
M496T190_7	0.878854581	0.56985887	13990206.96	24633645.73	25831031.17	7518543.425	17872500.69	9961494.064	20915317.55	23493288.41	9213237.105	9796822.948	8590665.402	22314951.68	26021405.99	14424029.08	7329228.296	26867684.62	19406432.13	34240547.04	2665141.859	23865848.14
M628T120	0.905517076	0.61185149	40350.27971	246963.8311	91833.93613	80668.29909	162094.1373	170291.5858	130378.0587	77686.68423	35202.97354	157668.2752	123342.3236	111187.1196	128644.6044	128893.0268	195289.2222	82990.06821	106893.4298	123537.9805	201216.2195	115637.7685
M506T178_3	1.443984335	0.29160857	614696.7438	2959218.054	4444168.017	635799.4953	1708690.798	685451.2094	3628951.673	4924351.165	1357172.913	1028326.487	1456914.921	2284277.405	1853722.549	1000137.821	1102491.222	2313925.378	937958.315	466857.7455	78691.31723	3731522.69
M482T193	0.876098107	0.681036746	534803.7174	1600038.601	1133309.408	487011.4974	812803.4024	691445.9962	999077.3242	1142216.746	1357451.179	1068151.388	593948.7635	1031263.782	1096114.588	1198239.862	673052.0685	624987.1477	852205.7143	3783909.965	166038.4109	1196231.587
M811T112	0.648610996	0.174230183	257945.3409	2010829.634	1171657.489	202160.7265	2118895.352	781145.0667	2783478.316	1446417.893	257505.636	587739.1284	2574832.825	2708551.012	2912435.147	498315.5779	501720.0178	1780664.905	872367.9942	3493220.743	1024199.227	1545468.092
M341T247_2	0.922487115	0.742306176	26344.33905	71366.55204	57503.47968	27349.16354	30935.72089	32040.74086	42147.48705	79743.35135	59126.09872	65888.11489	17762.66008	54389.67017	94268.11654	41993.78543	27043.22944	74699.18812	36185.35665	115418.8235	10466.40192	61595.9944
M524T186_3	1.101668846	0.76000326	1793797.589	6220949.106	5876464.025	1176568.27	3710300.274	2432981.001	4291070.552	7975050.882	1359248.726	1996263.221	2255553.47	3690855.856	9527650.437	2898593.409	985679.1951	4325553.806	2416712.606	1783849.894	751429.2711	4797665.887
M303T38_2	0.621916296	0.202754873	23668.82039	104526.2824	100511.7081	8008.524365	60184.10048	109245.7683	74241.42975	224102.6446	17841.65024	19062.69594	122829.7546	90388.62209	201339.3898	30097.2817	38922.10613	193144.0911	280746.3642	54715.23072	32675.41074	147253.3387
M96T59	1.322423548	0.02450676	65301.16035	124885.4821	110936.7033	105876.0481	90250.25998	63366.58458	108780.1861	84946.14747	123891.405	115758.7519	86563.56053	83759.19251	56588.88721	74788.32595	88558.41693	97193.14039	86238.55832	87152.37859	23181.67936	67620.61905
M194T338_2	0.806893428	0.736638652	7736.239754	6929.112362	209.8224217	329.9610453	372.3982256	362.324893	297.6759679	4450.294713	202.1561242	467.2751182	321.1550806	936.4556478	954.2630162	8197.400331	959.3320505	1620.065303	10629.19237	493.3677378	1444.694164	912.576671
M70T256	1.823694824	0.077351465	9956.572381	31851.40555	22737.69356	22088.5522	82416.87334	24639.38243	16552.73861	16949.66815	20658.25984	61742.10487	15211.73932	26323.14357	18799.12918	19408.53306	24560.26375	12084.13647	11779.24154	14288.60226	8997.461758	18309.29408
M389T456	1.223215152	0.32025575	4279.064095	32421.42766	23324.94322	43442.01624	30995.3966	19562.90015	23436.86198	26892.87298	29737.06642	23998.56289	18406.97439	19306.688	17027.77399	22234.98579	14901.86576	37193.24643	13784.51512	35858.5715	2935.541308	29343.88227
M151T59	1.19820638	0.321087044	110100.7777	44509.08337	28627.15236	78900.80714	51641.80586	29684.40103	44882.61539	39457.22466	48169.60202	85894.91155	41467.32523	58418.65826	59629.65916	39487.12099	34391.96204	31422.40204	44182.98164	63074.36685	45039.66001	51810.40822
M135T324	0.938952007	0.4519574	9919.063327	8595.235728	7128.013952	5724.40419	7341.414352	10900.39537	6957.582223	6653.574143	6091.428175	6018.42963	6827.254717	6774.800977	9894.967629	7799.677249	7848.415794	7233.859988	8129.841955	9385.954108	8558.293519	7774.187955
M246T238	0.801974027	0.319836426	202088.9052	583361.5321	1321337.36	890366.0152	673259.9509	393232.7692	1272192.602	528155.499	844609.0951	457771.2765	564369.5031	947172.8037	589604.2126	1258376.083	976362.5988	820139.0827	1177163.065	1642243.405	207660.987	752827.3304
M298T195	1.550540521	0.174471755	99.55376694	8309.987105	11397.52144	5279.224309	15089.35569	3151.001984	6209.919878	5875.009559	1754.522176	5127.017753	3580.59023	4099.121248	7989.886544	4340.951098	2591.666367	7307.527432	2273.855274	2132.081495	1606.581574	4252.834334
M258T236	1.322405475	0.153398703	1457.669003	8158.649205	9356.601604	3626.659014	7137.327045	4783.687961	4740.673263	6438.714792	4775.28953	7305.424866	7876.853101	4915.942304	4126.289968	4160.298222	2951.821723	7027.585535	4057.214394	3519.742276	1645.444603	3412.438435
M196T39_1	0.389787331	0.357734142	12277.76954	38234.83195	24901.75818	8659.237127	46883.81622	7478.252763	25413.50007	9875.443681	4475.208924	2283.27037	13115.09058	16551.98434	8369.309833	69395.12772	13035.0256	17059.10612	306726.2165	6804.89816	2518.892531	9453.991758
M146T373_2	1.071328905	0.729328549	126401.7744	3909364.292	2822082.392	2723615.645	2484314.953	1749479.439	3308536.885	1356477.738	3856034.458	2209025.685	2424929.135	2594602.241	1542935.214	3725147.654	2625731.185	3007838.527	2031666.403	2484131.778	348477.9263	2125648.882
M157T45	1.172097847	0.555710879	21076.82151	135873.0521	88836.715	8738.918705	126556.0322	55123.7488	91079.58617	85388.47339	44525.36402	22509.91746	50758.66376	74190.23531	46835.80041	67690.47802	49823.91396	77430.50805	115814.4684	21618.0011	20449.12184	55296.5628
M104T367	0.615685685	0.007002308	13401.98401	35693.43078	14418.54735	13257.55801	18158.48684	17531.13984	23522.57733	13826.78516	10482.04273	27136.20273	34968.20558	23014.80487	22716.31781	42579.69044	25801.21325	41449.84279	36158.96875	38782.5297	17208.22067	21742.9974
M110T47	0.044688198	0.309121593	17011.6446	13112.19838	10992.10233	9307.396746	17139.84015	10663.81921	11761.71784	12020.55123	10286.78058	3267.406499	9732.122514	15609.92605	28848.54101	2382731.591	20244.62474	17207.56117	41248.69378	14307.8593	31427.64848	24636.47052
M146T353	0.858047058	0.454946493	11510.52168	37496.16791	82283.23088	37892.96017	40608.61054	29453.36917	20868.44165	25651.68314	22952.27398	25777.98715	37695.74116	38876.22419	43645.87671	59482.3727	23410.32592	32548.89511	51404.78696	34214.0617	19800.18689	48754.74712
M87T372	0.818923766	0.272862075	5414.977751	103608.9982	62686.55516	52585.33434	59907.29969	47730.48527	78825.4509	38025.04663	66407.57272	65496.55139	78186.56561	77722.95285	48380.8029	107315.871	73885.3314	93053.68824	70061.27204	87210.09195	19534.1919	53736.32442
M147T296	2.610469551	0.014051744	2557.394738	6869.825318	7702.496922	28916.41477	9101.425355	14471.806	8311.853487	6354.880476	18437.68686	24215.96115	4592.945691	4993.656273	3263.695365	4197.177954	3548.744887	3664.50062	5915.532098	12855.72942	2297.624528	3297.562574
M151T225	1.050382254	0.847700979	2452.344741	3243.617092	3513.893656	1925.151618	10157.48986	5168.1839	4352.936977	4432.577382	2201.127338	1591.253485	1725.016138	6775.086138	3590.385049	2600.336658	3505.455857	1806.40621	5996.226495	2494.254257	3516.245954	5156.653138
M201T405	1.72040597	0.092709962	102135.5263	41502.68034	20482.96457	44105.66802	36203.78892	28396.56391	23075.41242	12338.52969	32168.68399	35880.87382	14543.24335	20260.11291	14564.33233	14818.41314	23494.9892	27265.9103	32102.1919	52327.03259	3231.71898	16114.0887
M319T177	0.637822715	0.316604853	1105.141903	2546.139729	2126.022428	1300.971076	2598.850028	3936.517044	1249.435344	4377.867664	246.6404388	1207.779789	1949.996667	2340.995133	12007.04352	1824.711577	813.3596595	5469.50055	2177.942673	892.2484717	1598.68513	3372.409707
M375T37	0.055575033	0.290251702	8090.531783	3725.929417	13217.70368	5801.277636	11081.99361	671.4502053	13818.02212	5425.491999	5560.21937	4604.905087	1139444.645	18020.50738	2669.90108	30731.74962	19772.0617	12050.88407	19560.09537	42782.7519	4782.362616	5686.293928
M401T33_2	0.620415658	0.271291847	3627.783552	13785.40051	11970.18964	10645.41585	22735.15823	12761.31743	1463.837327	22594.98432	25561.89208	27320.99071	10813.87315	9026.952168	10665.17434	12710.04741	12417.6868	9230.373631	32776.08511	47039.14925	84330.11256	16740.25838
M204T302	1.077806318	0.707814704	277645.1014	1455763.745	1128997.02	1339188.811	792753.6452	662495.8518	713512.7295	1027714.094	530909.8959	427479.0194	569773.4319	908735.4912	1407313.539	730554.4234	532903.0017	464854.6725	1145973.047	893545.4139	477750.6373	621807.4486
M268T169	1.209928006	0.382609428	412940.9046	275190.5341	182548.2543	75400.13415	221736.6775	127632.5348	174004.0956	183022.5419	221512.5504	169273.8874	261453.4387	156130.6518	127361.6272	83156.16932	262556.7297	146298.6188	159708.2375	308956.718	29335.80926	153788.8541
M428T470	3.603539842	0.174895913	896864.0584	83839.35114	49419.57032	88604.56526	59187.09237	62720.54692	82191.92984	53505.8756	85691.99699	152059.0768	45237.43398	44436.75101	23848.41991	31195.05363	50435.97195	47056.54364	69337.3412	90901.52005	6496.953156	38970.26454
M508T497	2.090778166	0.302218268	70882.24608	12608.83698	4943.42702	3660.25848	10262.27241	5429.653206	7145.9291	7145.820044	3424.307932	14543.39866	2783.646122	4188.818139	21054.54533	1076.070228	2113.24194	8629.523197	2856.67139	20515.14179	730.7952893	3034.334237
M348T431	4.970408754	0.328180408	3844713.335	123482.8964	97570.72861	139760.5547	68820.95463	60317.53462	83463.90563	64563.27377	105955.2817	132915.5581	132696.9263	67787.26825	48204.16813	102838.0311	225590.7359	103858.8952	111342.1128	64398.49007	24278.6263	68939.50124
M219T411	1.603388753	0.284622641	159733.9279	38317.62514	21238.29918	30748.68596	30220.95235	26135.51947	27293.29484	15519.91292	29045.72145	39674.78485	19703.59976	21116.62458	18512.60583	30387.68518	26060.39488	36898.04232	17780.54645	65702.51727	4806.726483	19684.65347
M237T231	1.916850392	0.024882187	6193.520467	20097.20017	9846.100839	8823.09366	14016.72879	10398.53629	9971.505366	4552.16181	4158.913009	6091.418097	5444.992647	7654.094874	2489.564903	2504.015584	8533.67808	4820.254019	11043.82537	3099.170089	859.7671673	2667.239631
M191T314	3.131269325	0.157731964	26149.18733	3854.6828	3252.351626	2843.732134	4585.91837	1507.895709	2897.643928	1672.510717	2932.565894	1746.457794	1094.480522	1683.841265	898.2288689	674.9901714	2315.212658	2034.640834	1980.202522	3946.206157	737.8965382	1063.084118
M253T282	1.781277777	0.351491662	33506.45972	2902.702887	3472.336445	3529.637466	5500.097451	2425.669167	4026.150746	2189.709776	3875.491783	5564.696871	2553.017667	2217.924199	3804.388408	2433.391541	3004.157714	4462.201376	4724.005987	9151.137693	2932.128663	2327.138749
M537T217	1.360785165	0.162691517	17712.15671	284942.4918	202061.4164	280529.0745	224061.5311	161426.1478	247104.1782	125482.6266	261413.0685	250277.1597	154981.5846	152959.1741	102688.3543	172168.0572	206348.5209	339516.3474	142862.5846	118427.3841	13986.41116	106226.3781
M203T389	0.960545214	0.832826764	10434.91313	66091.65169	101695.6767	78532.1783	78326.95631	57378.92952	62443.55483	121197.3608	96227.44739	55542.72169	45574.45956	78438.28185	68940.1623	85494.14152	39443.69035	107208.6008	41198.44526	143113.4497	68284.31085	80073.46203
M261T477	1.066597487	0.765415698	1863.365367	27851.7955	20617.44054	41541.99595	35939.42821	21442.89985	25531.85416	13758.9821	50623.67649	31998.58082	20654.70058	31195.19161	13309.78666	38921.45256	38337.62258	30597.97859	29956.96294	18485.19926	5318.013419	27461.4735
M365T166	0.631185173	0.382775512	7666.504986	10980.5197	7438.851656	5659.45374	12893.28926	3538.482508	6885.866	7235.468906	5715.140585	4255.83057	8190.379874	7658.901874	5732.027577	7041.64275	3943.874768	9205.161235	7383.203495	4505.698486	52874.02217	7963.036974
M362T137	2.051152244	0.280089531	41395.4027	20225.09228	14644.30701	193367.9788	16802.69572	17296.60287	11763.10062	21130.43985	15630.88744	32879.69166	13090.21999	16763.01851	10420.92619	19058.11819	15756.0608	17261.54807	20342.59863	45435.94976	18044.28211	11593.05674
M288T353	4.661214075	0.123089079	115392.583	19555.50752	8241.561515	16085.44405	17646.14372	9363.195723	9954.4975	3987.620849	7788.338746	9808.92037	2346.903044	8567.931346	1782.755439	1975.714676	6823.788685	2862.43053	10706.81618	8533.292861	1273.677345	1857.822493
M291T471	0.833838483	0.41520073	40981.33105	805047.9541	486446.8567	378163.7295	525059.0251	611537.1525	693820.4298	526088.4294	239373.2889	942884.0335	610298.4436	511287.6191	513206.3938	921785.0759	596254.9317	964975.073	523110.2928	1061449.958	30743.94798	562354.7541
M303T551	2.29794985	0.035239838	49647.73778	17877.34367	12280.76747	24609.29758	61945.61484	13529.82718	15083.41199	3272.494553	25496.93191	16296.40523	9067.359301	23140.18398	4728.44799	7779.598518	11498.0924	6691.878734	12875.1876	12203.62611	9073.01179	7400.868938
M306T358	3.19849571	0.00015533	33737.35401	20076.4457	9293.138453	19427.98344	16972.86362	9838.192556	27147.13435	15177.83597	14384.64501	17924.01156	8307.557475	7101.853091	3527.486756	1689.928952	8551.796219	5017.114033	13503.3112	6532.134887	908.7509036	2380.732865
M322T331	2.072890127	0.065529538	40196.19811	9829.242677	14690.75141	21811.17802	14536.5409	11170.91015	25003.7916	4978.375609	28880.34182	14177.4335	8662.247558	10698.53044	2087.247134	2975.738901	39078.83328	5779.467322	13385.89641	2808.110501	1416.914704	2486.938625
M360T440	1.325731056	0.278019956	14711.32204	69438.63146	34917.06023	56270.80617	55825.52447	96678.8766	79727.47471	19161.41491	89884.27412	50242.59938	49786.34401	72505.13972	20626.16851	18383.91629	30634.29655	38774.42075	71661.72341	91705.30275	9464.048612	24040.07199
M338T368	3.256583167	0.09234479	66811.78301	9879.933337	4945.709861	12188.67814	10075.81839	8226.298522	11583.75489	4889.99589	8829.477532	12666.9172	4172.511938	5500.365947	4662.152343	1129.546923	6819.998858	2553.960107	6882.53692	3538.105549	6751.632506	4079.940804
M247T358	1.543834263	0.127152397	23283.28197	72678.07504	32464.41926	78967.581	81575.94585	53008.84314	28550.55594	9292.230824	63922.90745	26250.25703	11420.54509	44725.92364	11884.50965	15862.63237	30744.53238	51879.64244	50667.13317	57460.92598	3195.513428	26591.64265
M97T51	0.932323377	0.785937995	7372.350277	19406.83508	15630.9155	5452.363816	9456.96168	4726.655803	9484.82365	11936.89883	2137.481048	3422.196104	12459.65127	7995.298792	7761.165823	12190.48751	18448.57398	9709.95693	14424.14392	1512.489582	5257.129621	5731.019513
M130T60	3.022279658	0.01201303	47816.28682	26032.95295	17465.48299	19561.9479	31892.73934	103896.5966	16426.40373	28855.28325	17867.58872	41371.75542	15290.06796	13033.16242	8842.421128	10759.70988	14353.738	17431.25611	11281.33505	10500.42497	8731.844626	5975.424924
M118T359	1.014444765	0.929050937	257175.9066	229193.1886	379628.059	267343.3445	189541.2408	231433.1368	173939.4062	397480.0527	148478.6311	164391.096	204526.3548	286037.2327	309797.7961	189637.4306	177234.6298	137604.6021	305069.0418	415826.1901	164873.1722	213274.1226
M447T449	1.256457602	0.285974725	3413.599653	9034.725198	4780.36829	11839.36045	6691.926559	6283.760682	6793.307251	4396.649392	9257.030591	10327.42877	8734.450881	5080.641656	4765.504375	6950.899179	6265.682639	12223.3621	3380.698939	7124.18446	645.6771391	2784.023204
M104T382_2	1.169423715	0.299662071	240173.2938	586877.9968	405955.5126	594669.915	355765.3309	364468.4223	400657.6849	360943.6673	385805.7511	453341.133	268629.1364	307154.4343	312354.7577	378288.346	327984.5488	455479.4809	430902.8749	650782.937	103834.7324	312198.2736
M132T255	2.312954251	0.007763818	1507.393412	10371.08366	7612.695891	14374.44193	8255.976951	7933.072679	8506.076187	4881.329983	14607.03509	20544.59099	4253.050762	5154.531433	3011.063468	3191.936044	3406.794118	4209.513651	6391.041118	9310.894542	576.5714029	3121.342281
M160T380_2	1.673169563	0.352042401	35939.38839	461974.881	872157.6167	642063.5089	1282565.148	253925.4665	621987.9285	427373.2861	3734156.205	170464.9271	620994.8353	945883.6933	325777.687	376674.1794	1248132.259	413150.0835	244176.1863	360981.8795	32821.41926	513145.1851
M274T250	1.52130991	0.149816601	2130.28612	5084.637974	8636.795465	3305.063427	2985.135165	3217.256426	2299.602615	5098.762027	1388.200283	2042.005955	1961.333244	1191.109767	1856.889079	913.1916115	1734.232682	1584.857219	5985.888441	2396.710889	2581.784499	3581.230413
M179T458	1.64337522	0.159789804	2638.701226	16890.1592	16854.752	22932.83852	9765.065936	5987.91807	11863.58509	8375.253366	42680.84742	15704.07625	10593.51883	7312.649748	5279.922986	7696.824735	13423.69639	16848.34158	4028.174422	21781.04119	991.7736492	5566.944724
M244T238	1.194047697	0.350221789	1365.904819	7452.842915	4244.218195	3873.406705	7864.638096	4709.56103	3888.046572	4602.882364	3912.545028	4510.313353	6478.217109	5010.619339	4914.980536	4301.874348	4035.146496	3591.121682	5166.370554	1939.013287	1141.487058	2300.989222
M489T444_2	0.9378431	0.790501558	4872.804245	52264.05445	28194.56528	51730.26962	36854.10188	18573.83172	20889.48403	13885.56075	58203.55391	46739.32121	22636.50713	43135.44283	19269.84689	40298.07322	49437.81128	48321.23628	31648.10438	66941.0148	4140.922715	28396.12059
M324T449	1.06365255	0.852366157	3447.098349	18179.39387	10871.06456	35997.33076	14375.61925	12988.34677	14356.6626	3330.543819	27479.93095	26194.16395	16516.56649	12630.91026	5230.36829	16663.40367	16902.67014	49191.05839	5975.972175	20749.65693	4678.727946	8673.803412
M112T239	0.965877718	0.814137419	15737.61607	36671.17318	23475.5374	15300.82487	28986.11004	21948.12111	21082.07147	21369.51574	18474.1696	22940.29497	31516.85065	34861.58555	20365.10904	20193.58239	26771.74545	22179.53551	25519.275	16583.4407	30388.33379	5589.532208
M161T319	3.480802221	0.029316575	19489.59161	6325.999082	3805.506059	2986.279949	5891.267776	3206.582609	3896.282102	1881.021757	3555.885441	3171.767835	1893.156983	1422.432468	1002.274609	1244.546213	2151.423444	1530.970718	3017.092393	1427.171435	716.9136004	1168.067098
M316T187	1.193004548	0.743177226	11105.16005	863.5762893	7881.135526	3484.956035	3946.501116	5015.02325	13390.25681	34303.84063	1795.324831	3088.477725	21346.57619	2670.748549	20513.35282	14500.77771	7144.578783	731.7589813	346.2037744	814.9573384	1937.020753	1137.30147
M201T394	1.892255425	0.003706987	1139.048799	23468.69301	18594.80415	22007.6071	18083.73614	16251.9531	23638.7407	26140.9293	18442.53529	27448.90901	13972.82055	9976.764101	15078.31739	8801.731663	7972.685355	15718.53012	11095.54267	13173.00443	611.923377	6764.962217
M197T435	0.021665783	0.141918056	1760.548928	3153.699195	1578.297605	1559.682004	2734.430163	1149.262194	1638.708358	1697.043547	1969.000602	1855.473724	1475.384593	26535.74694	14560.13013	105772.9426	57940.5205	585182.2595	12232.60817	18854.12376	5197.705006	53645.12306
M521T477	1.230918449	0.580645825	1006.954838	6807.940093	4457.415612	19252.1686	12451.02733	5109.175815	7763.29147	2278.264128	30979.93874	11656.67117	4759.940295	8853.44205	1896.674614	16397.47342	17220.40178	11590.50652	9400.455518	3450.312467	736.3153688	8366.7686
M106T291	0.57614864	0.043715316	5133.373545	1289.361679	1024.587208	2993.116122	1315.508738	1234.515934	1190.058644	2423.291688	5933.556795	1415.216854	2100.019572	8722.493231	3957.911898	4065.644127	2463.115356	3209.703565	5000.014039	4934.195907	3756.280945	3364.24584
M207T33	4.463391846	0.338527221	5124.80819	7315.029998	5919.227651	270013.2046	5505.989132	7153.702025	7075.336808	7258.067635	8120.180972	9873.288066	6834.477438	4991.285231	5171.704695	6731.660168	6035.556714	8753.267312	11316.46448	7395.166427	9412.81163	8044.93934
M101T370	1.18527144	0.271334813	8354.39923	58478.79597	36578.93897	53851.80728	51986.72367	39803.63402	43250.00803	38914.75524	64155.15496	52294.36794	45309.36621	35425.29205	35026.58325	31037.27971	59201.92542	40597.32478	35312.10463	45807.3385	14200.72549	35774.9414
M162T410	0.661818128	0.358419382	8752.25926	6752.603101	5827.985598	9239.375601	9944.556904	5690.758129	6567.460001	7196.817301	5488.344862	8830.678206	6765.148929	4710.410124	5042.4282	6796.322881	30091.79354	39160.86863	5549.046312	8291.534714	2234.016691	3611.080395
M175T585	1.109017333	0.767886643	171900.9436	6570636.108	6201347.929	9784926.998	2548328.513	692016.8308	2217381.168	1303284.922	1475166.719	3396253.381	1628458.089	3274500.753	1820029.283	3494416.162	1709220.88	920838.0413	5591441.237	6308605.653	2589606.959	3646387.442
M166T364	2.106898123	0.013134209	1848.332398	93335.96996	59870.73027	36108.14529	65922.71169	46476.71109	39132.04462	34062.74208	24790.39995	48853.7807	21162.55292	19730.23127	41147.60988	23566.65315	8143.727856	26544.65258	36609.15407	15377.52069	5910.1571	15582.46607
M207T230	0.828047245	0.515549594	1163.697539	9704.612097	7718.823701	1044.269745	3743.568791	2957.188125	2938.528899	2858.607335	1258.371114	4335.915144	3529.572858	2488.847436	5172.97077	7495.523444	7593.186597	7709.164925	4914.708475	3006.291166	1227.511478	2419.505639
M243T467	0.861844243	0.543036964	7635.491225	71879.60251	47005.74419	123287.0939	93769.31122	63615.42011	60278.23798	23308.5682	142816.8681	93735.36403	66335.78653	74599.40519	35635.18643	133984.7383	127231.6649	93928.07248	146044.3627	59549.79307	18947.03573	87668.72145
M115T500	1.095508368	0.729248294	3636.232884	17176.72498	30495.74722	13067.46118	20019.53169	17563.5563	36548.72062	18674.12433	9137.820466	14356.98324	12902.40548	7778.838899	35025.12249	19615.46372	6453.622591	33255.26282	8191.226386	20521.17783	10845.95611	10336.09287
M116T307_2	1.32089353	0.164998266	12697.79251	598134.854	480834.2898	255908.6918	614414.4324	517741.8065	422081.1436	449771.3658	269580.3119	450531.4314	233393.9117	252328.7364	401423.2054	362692.3044	169386.9168	470988.2176	495795.0925	225723.494	195168.2295	275631.548
M213T446	0.855512568	0.449114055	995.8597485	32415.30227	22032.52911	36986.68357	32121.77695	25478.07096	25582.34736	18684.20329	50295.33984	30686.9598	27792.34262	35781.86431	18763.27959	48922.35083	48453.24525	35524.71795	45457.84312	22399.57646	5271.326369	33404.38163
M114T43	1.17780228	0.224270694	218531.4262	150352.6743	126530.0433	139545.2639	131561.1703	123716.7935	133773.5565	143069.3001	297836.5781	170280.1146	115996.4738	132109.3605	97314.33326	107805.8555	165107.8471	148030.3654	191681.0331	125320.0794	159854.8108	145125.7028
M230T324	4.084438289	0.038170816	935.3691636	801.1482347	1020.920926	12296.85855	1440.8944	1753.121471	4215.732013	9923.019457	7052.589539	18192.44344	4182.334634	745.0437557	835.5300609	405.2958571	513.0373909	993.228967	394.9294555	2723.587279	2998.667868	318.5094864
M338T32	0.749063982	0.310062443	78691.627	246319.4025	46582.24862	241766.8705	135645.2425	89964.02492	56308.54929	64314.02127	112378.4882	246378.3073	355136.7693	91296.58039	74607.87726	105678.5372	212376.1831	188063.5749	116542.7428	355190.2146	177172.8238	83929.58819
M786T401_1	1.532519967	0.011910689	18560.89859	24872.51058	15250.13078	26656.48193	19513.26535	18905.25714	21645.88668	18176.45851	22096.83441	34628.09393	15419.56674	13426.95313	8149.483059	11382.3907	14152.38261	20402.18304	20157.76949	25750.56795	2349.060614	12563.60518
M148T47	1.45284185	0.215291398	648.7206626	24425.11286	22780.49376	6987.794207	38830.25343	15452.14045	20930.75954	17766.68507	7122.554826	5804.596133	10163.03789	15823.54149	9626.503644	15032.08912	8740.381269	11891.15137	18332.32625	1113.813986	8840.683518	11081.0753
M276T472	1.266089914	0.220211496	28925.2336	38632.09557	17359.35791	29696.81559	48982.58261	20504.78436	20651.45261	24898.52716	19516.91532	33016.78476	16919.46868	36014.48421	31148.69451	6888.932668	21366.37126	12406.25835	27913.58078	34812.79216	7371.134113	28037.04275
M295T345	1.749405815	0.027168179	6784.117572	3261.049409	2055.303233	2438.269669	3507.876335	2658.058056	1934.863319	1316.470056	1934.483408	2942.856839	1304.408805	2159.699225	866.5698414	2192.161499	1337.040943	1233.226689	2558.06574	1768.361058	1095.816821	1966.44431
M217T420	5.340599544	0.24607092	343479.5327	15901.75676	14820.67653	33994.48307	16372.20585	11691.80093	10537.18932	6868.151919	14468.00882	16910.64804	7551.208173	9186.701129	8725.111444	6803.865122	10896.35485	11603.58528	12551.77457	16031.56389	582.4640438	6889.469269
M308T403	4.326706629	0.143941076	89499.69768	22672.13602	22009.96221	1284041.445	25758.46158	29706.33729	19950.73025	12709.84483	848480.4542	843975.345	16085.4754	19309.44262	5538.591004	42188.74374	23741.87903	42827.30622	11149.77033	559410.899	4088.116167	14976.00207
M190T377_1	0.726000555	0.351716796	6826.123341	1973.353041	1420.655375	1843.661662	1270.210301	1628.794655	3472.504465	1052.73945	3770.062923	1656.20077	8184.620181	3096.715406	5176.538593	2993.558345	801.7643663	1461.088728	389.3776566	4608.41309	6166.897368	1438.22589
M212T445	1.263533151	0.364509209	2461.73287	4829.249867	3132.955723	6047.585165	1950.538054	3732.03218	2272.905868	906.4293927	8618.980313	4580.140233	4308.786803	2717.615572	1323.974071	6120.022428	3492.412745	2035.849517	3751.449388	3100.182913	809.9805378	2835.601537
M173T434_1	1.094211252	0.896926154	5121.485225	78189.08451	43721.12766	3785.242461	3653.266231	8958.531117	78075.12119	2623.208321	10487.94791	9856.564789	130195.7749	9266.760186	1288.169618	36601.48775	34327.80952	5622.747173	1126.060176	1596.621447	2302.678434	1094.54239
M258T459	1.067310013	0.725031318	7918.795176	57173.56346	40553.63569	48648.18547	25835.76512	25771.29038	33796.96751	26510.8621	42772.73737	29344.19582	35319.46729	21724.20143	31484.99581	16975.45666	39790.84352	39229.44226	49764.84242	38391.722	7304.473791	37003.98984
M189T282	2.95540772	0.05865843	46429.63276	9676.666472	6336.121134	6332.945424	12643.79637	5751.407736	7358.452522	4942.447273	13448.77113	8187.815265	4319.932936	5971.120191	2436.54599	1920.500523	6157.172691	4664.584016	4224.498448	7339.972876	1530.870272	2413.261736
M204T358	0.346535946	0.032467869	8053.77713	7866.089404	2425.911288	8277.354921	5616.483733	3002.923522	2666.38671	3317.228868	3769.080817	3075.25519	36867.08011	2179.095551	20894.18437	20766.45937	24451.72021	18812.61746	5181.771238	2829.860864	5352.982697	1381.415021
M187T358	4.906456506	0.238948412	111961.1182	6844.499037	2695.617273	12228.26135	8267.98807	4063.888591	4127.367388	2754.265098	6041.846005	4455.90118	1503.909242	4947.003564	2159.892403	1254.663893	4610.438911	3646.89769	6987.407745	5503.52623	1063.329911	1634.2931
M195T221	0.891747497	0.608106133	972.7839592	4072.679875	1618.319366	1518.173195	1308.909902	2119.078556	1586.590298	1240.698292	974.9946732	2920.221822	2123.906218	939.6313811	1643.672491	1708.722188	1258.37121	2129.367969	2565.20072	1106.81409	3647.614524	3434.592561
M189T357	1.228729272	0.088537298	1002.845722	1135.216231	1014.139592	1609.023705	1164.984578	1547.878707	1001.372091	2113.322006	1104.901576	1455.205462	1460.193268	782.536999	995.6451769	854.6649601	904.0143842	1227.041433	1302.403311	1273.433686	858.0115603	1043.264977
M177T325	2.145585439	0.000614509	7874.085661	12845.54501	11415.89696	16497.073	15395.16016	8372.203048	9753.448854	4730.102795	14681.08757	11757.06904	3307.389718	6996.692246	2077.228365	3276.074579	6597.484407	8604.486178	7500.82031	9024.250635	1592.454738	3839.319959
M209T358	1.991267447	0.003050631	7966.783647	10206.22188	3537.480625	12182.97453	11827.69725	4867.94872	7236.378954	6213.746158	4861.789387	8288.588535	2380.708934	3869.69919	5900.033184	2462.473998	2517.174349	3697.535721	7917.273006	5404.076103	2568.300708	2046.784254
M312T449_2	0.75296057	0.406729411	18349.81599	5898.51538	7218.303286	4999.413925	25885.52312	8486.542245	8016.714762	2244.687721	3574.199026	4160.391234	3262.086339	11536.63772	22389.16943	15223.64425	4465.798612	25741.47615	11209.23749	7454.541306	14277.68121	2419.486556
M285T417	1.377970819	0.101661893	113480.1087	215612.4966	75582.42221	220090.6146	163669.5437	111188.8057	134613.0108	84205.63374	160164.1957	185592.0149	81038.48878	112154.091	79167.30539	97361.03098	112763.6421	97826.60226	144141.7085	229053.7808	25067.43847	84002.00266
M213T358	1.670555043	0.017147354	36951.08983	89865.81696	31472.9489	66603.21377	55919.4559	43963.14554	66199.07106	60087.51128	42856.33185	70482.27546	17805.38672	38462.24467	31058.8053	17258.82075	50302.77103	22087.60889	77161.77213	51227.35638	10692.60786	21794.9244
M353T427	1.123926099	0.518123588	3341.301783	3757.581602	4712.829062	2641.26962	2806.451094	1070.635078	2254.366215	922.3324917	3256.614698	2775.010351	3036.914406	2135.555034	1271.379424	3435.209494	3071.05755	3409.593355	874.079651	1791.977759	2672.766825	2803.426211
M284T452_2	1.485741391	0.113747217	7887.707217	36862.2436	18584.53393	8543.232249	21847.52001	22132.12256	19239.75927	13202.09386	10846.30971	12725.65473	13388.45771	19699.64987	11429.91832	10695.45853	14770.25447	3358.606681	22457.64035	5870.159459	4653.398897	9356.868356
M235T370	1.732525254	0.033228754	15153.56152	13781.20729	6476.350089	12296.39235	16699.05837	10070.86443	6976.906896	3280.46397	9342.407299	8947.099828	3754.622618	4604.820628	3459.364073	8738.990102	3242.834098	2718.577423	12416.50916	14150.42207	3445.157733	2933.527658
M298T206	3.634990593	0.009802442	884.3441572	39065.90118	13991.95779	6404.597026	16652.00791	20090.43775	23230.46223	5934.226663	6559.952382	12127.43473	4191.646476	6885.266034	3444.630866	2593.481753	5249.645488	4043.411814	10518.97699	1492.565614	393.9410171	1060.353315
M341T386	0.812346229	0.509848661	3188.105994	8024.660287	1772.58022	8056.186129	9287.137408	6313.146599	3797.532534	3212.729934	4647.278648	6794.679202	2203.391379	5923.25536	8783.142334	4768.610525	4318.631171	4536.64175	17397.99019	15162.31425	1397.689541	3329.214492
M363T38	0.494155463	0.056047696	12698.47346	3110.644646	11420.83327	10755.73788	23440.95287	2356.108976	6163.617903	9134.120027	10684.83444	34341.30248	4260.894859	21552.17626	43183.1204	59190.95052	15155.55948	36173.41517	26614.83088	9027.134787	25629.54697	10361.32126
M203T233	2.47328677	0.012104194	34939.71613	16321.49135	8372.472556	9889.226265	15304.43778	9580.432538	10790.71926	5338.541494	8007.235175	11196.91571	5981.416022	6696.436694	3721.870205	2155.459107	8153.04783	5696.438355	9539.286582	5524.084614	1560.939362	3428.014825
M246T287	2.28798512	0.000448151	38875.02774	23972.72048	15181.08051	22301.69182	27548.79354	14606.89202	21122.99556	9733.342896	23896.71477	26802.69043	10582.49299	9265.355851	5836.37375	9176.929914	8467.486636	10719.8883	14553.26011	18921.45872	2381.959235	8015.863895
M261T360_2	2.638913773	0.15588928	101000.2697	22650.67963	14850.70477	11418.22151	14078.7624	9019.184632	13854.41241	7184.75621	10638.51011	9684.592722	9994.522146	8167.903484	9046.93216	7380.77119	10230.51648	7546.609387	10905.80502	10687.68161	1403.540966	5873.723987
M245T83	0.92851182	0.747782004	50372.23308	41020.6019	30281.92378	44283.98585	17630.17077	17332.40383	13506.36053	15264.66212	13385.13718	16552.18476	10517.33791	20515.86497	31995.1681	26525.29154	25010.20698	37149.22873	35858.54669	55778.99149	13952.88059	22315.60933
M260T347	2.5242711	0.005452645	26611.23815	16956.99859	6813.486659	16673.62639	25481.60731	11804.0789	11914.84439	1217.470702	13133.38864	11857.12783	4111.901242	9054.822784	4145.233768	1074.242384	8080.164559	4730.6896	8175.062047	12990.7976	977.9122227	3096.799515
M201T217	1.892259236	0.02473683	2588.125904	21472.42503	6962.268149	22478.52767	14545.34695	12728.16534	16857.7511	7184.704125	21660.64244	17354.69092	5445.513684	5519.932058	6281.407038	7112.787557	14414.71997	2725.396355	18633.6187	10296.19437	2196.485296	3385.014126
M233T236	3.809353259	0.105038005	119097.2518	13013.0744	6765.380604	30543.14953	13609.86168	8037.010437	9051.725003	5062.074673	25438.84792	19556.13375	4937.229438	7009.912781	3524.927109	5054.889694	7384.956154	7099.84945	7036.91369	12654.37292	5898.81816	5071.879611
M213T220	2.441983351	0.001080553	7875.978025	9861.12662	4293.664062	7523.944459	10142.83938	7990.272371	7057.760995	1149.303251	9603.067383	6545.069317	2519.269659	4100.512631	880.9967138	2236.575046	6051.324508	1292.315162	7050.895198	1568.537389	1839.673295	1961.750127
M221T243	1.931609263	0.052810345	11980.64802	2945.897763	2925.050121	5167.508125	6647.929324	4104.647137	949.0018024	2706.989503	3628.496835	2336.131537	1850.052921	2274.072944	2942.999961	933.7547253	1953.504377	2569.031682	3186.129272	2297.532496	1450.546567	3006.701046
M158T72	1.33320551	0.252089799	10183.56388	68853.16109	69954.73705	123184.6097	56188.37334	41326.70979	70441.5257	54053.97276	36086.81175	41034.82085	36703.7158	46517.49565	31825.13803	31656.40919	39978.66094	91236.51967	75374.16636	27481.06397	9126.846131	38622.27992
M269T217	1.289469757	0.181640351	75935.08749	739298.7769	516365.6052	695963.1921	578443.6566	452061.8357	620205.6496	361653.7522	675805.5686	696656.7852	442397.3999	456015.2774	342417.6368	457355.5199	542069.0396	794893.317	408414.3687	384916.4078	41588.29153	327309.127
M360T389	0.730798869	0.398931129	32364.11264	94255.56581	43147.63262	73436.51214	62941.76483	57123.37036	89633.77345	54140.71077	67813.95049	63175.63943	69381.55463	50329.91909	191417.2908	42179.12619	23423.68223	71239.9447	284114.9275	32451.6082	38397.61022	70126.76162
M336T63	1.413099397	0.225133856	4433.239431	25614.6734	26002.55694	7590.303814	10109.49817	11461.67299	18355.58579	19631.90762	11899.57351	18423.00892	10185.89544	8754.537971	4949.73803	14307.57544	9178.335108	32730.12791	14018.92104	2565.747639	6158.172325	5793.002803
M90T274	1.634762696	0.016054078	624.744475	3129.932011	2861.981126	1469.735082	3337.409554	2756.933395	3789.084066	2240.957726	1483.503762	2010.433278	1507.445968	1581.160386	1310.748988	1580.999536	1515.819955	2182.822315	1478.572927	785.1499981	573.6688476	1984.01198
M102T46	0.792099855	0.434127201	5248.096594	18350.08647	11313.47724	21655.18132	11588.64153	5151.081053	21282.81248	7719.557205	12909.51905	7195.53736	21859.05557	13985.05195	2727.464779	10506.34309	37205.50696	28726.03606	14325.04383	13773.59959	2217.614576	9217.91788
M127T389_1	0.439733254	0.052843768	989.9286559	2004.358788	1093.23345	1464.621876	1745.661816	1641.639364	2171.995604	1588.342692	1537.134882	1029.998877	1662.757853	2267.897754	4271.264553	1917.925643	1374.678854	10183.04241	6606.129039	1259.472545	1114.726008	4060.689504
M133T374	1.778314873	0.003218903	9726.014727	52645.01766	32871.53752	43181.66999	47165.10073	39127.91451	33844.52988	24469.13114	34156.11756	56097.77255	21433.62978	23831.11921	22788.74949	20155.92594	16415.5162	29775.97683	25909.28525	26080.19403	6214.683113	17304.20671
M281T347	1.616474881	0.135306061	4224.969381	22480.22877	8533.828306	24481.3911	23486.67316	19115.05594	8105.541005	3405.188863	13337.95561	6440.436683	2689.64306	13385.17424	3452.017443	1742.894684	9108.94881	13755.563	13108.24621	18563.53848	2522.001597	4327.923631
M176T387	1.202364916	0.323178985	5678.531179	44359.87404	37737.28562	41227.35803	33729.54748	29692.65595	33486.01183	38086.29286	19751.79576	46651.32611	37433.12782	20312.70034	26106.81774	24293.91077	17821.44421	53094.54557	33426.39055	33238.77767	11674.16876	17390.46485
M241T433_2	1.107212656	0.794514357	14136.18733	6041.915221	4958.388886	25425.60629	44173.16127	14484.52864	3976.252438	1657.81396	7931.870588	4782.078554	5764.614831	13918.27568	6373.265133	6379.018689	5938.089184	13089.12346	7457.993676	27071.03641	11708.2427	17515.60847
M260T288	3.342040377	0.087344094	74002.08014	18077.95545	9864.811187	17710.9041	21166.53009	8940.877535	11723.47294	4216.514144	2931.823399	4480.37377	5260.716197	709.6032074	2583.934452	2386.919224	9882.678656	6862.790797	8410.150471	11097.31473	1434.749619	3170.43985
M243T290	1.864151652	0.041210597	22484.40123	8933.348281	5653.785856	5621.860029	7797.993657	3730.572903	6800.751405	3747.699946	8950.923445	11335.68581	3709.260826	4308.13572	3768.601782	3285.0773	5144.820647	7378.419212	6743.335272	4908.620467	2764.278313	3617.188144
M233T43	1.036918557	0.936460721	27580.75857	102888.4305	60006.82929	25749.67151	84773.88395	41962.01793	82221.44431	46541.0544	15206.07921	12219.49048	33870.5733	32210.71761	17788.97804	16965.10303	27608.3851	37183.99563	55523.90009	13796.93899	25369.97645	221059.315
M318T182	1.11726319	0.728757228	9213.152916	6479.379584	4331.006863	1467.19869	8014.454802	4333.799264	5541.164935	2329.240833	4213.542443	4852.354663	3681.601265	4368.52376	547.010761	4671.28102	15316.75823	3269.19994	6375.495186	1531.14141	1627.867815	4057.256714
M169T369	1.152923092	0.359792749	73173.77955	454464.4292	328256.4902	438119.3085	401896.4152	320810.2853	391233.3336	344242.6983	371153.5517	423638.7858	414370.1581	305133.1068	267758.5981	227744.2592	522309.2456	258753.3865	257513.5087	421655.4119	121233.0214	280047.6799
M324T35	1.046014121	0.838635318	5036.379098	15856.85609	12224.9939	13787.5997	12257.75628	1129.661357	15757.97855	15540.39183	7382.747147	15627.32586	7936.416839	13939.67134	1384.278761	9218.293082	8350.581707	11887.52688	22780.48083	9311.070139	8776.693955	15975.35234
M191T510	1.504316021	0.01010369	6334.151792	8111.741225	9863.976617	10773.31734	9297.991457	12632.06376	6079.683306	6846.691461	4863.000137	8946.299134	8644.037717	5133.844127	8979.414138	4666.809119	3291.175208	4681.450859	3493.801056	5114.195863	4898.290594	6769.403251
M400T169_2	0.519961286	0.247779447	132575.0371	234012.11	1007505.271	208073.8864	1434824.395	312411.1535	922048.7313	2485519.878	197705.2226	239087.3295	2384481.6	764473.6638	2124382.862	5332996.319	1077611.632	653263.8561	413737.0916	171860.0286	291311.8193	582606.4003
M116T504	1.179813431	0.247390129	87909.43685	675245.5477	582731.4154	680679.3	749253.5656	530174.8726	607168.3881	569083.3888	494027.1067	832466.8946	390847.9212	500975.5433	595882.8945	409416.633	405520.9169	571415.4019	523029.3585	735287.7602	330109.1247	460953.8315
M106T372	1.791978709	0.006307645	1702.50562	37426.28185	24253.61715	32567.12765	37018.83002	31305.2031	25575.27965	21313.04373	22392.72765	38138.64045	13804.25155	15485.01436	16483.40778	15470.71645	9015.946922	23846.33828	18744.09089	20497.26567	4545.734149	13723.57601
M243T54	1.155553672	0.570907848	135902.5584	562139.9211	358100.1149	155985.0486	283850.9542	130932.8221	321580.766	281013.9477	89730.4579	122903.4424	194017.9054	259974.7444	399131.7032	267177.7204	196710.9655	287121.618	238823.4143	69661.94811	47761.86455	153011.975
M261T452	0.956850562	0.748284392	43100.56312	46892.06308	28269.25139	24677.86357	32711.86264	30753.03363	30099.59889	23698.79482	22679.91386	26548.87153	28749.50578	32891.22043	37565.61471	35504.38774	29174.32918	20569.68228	47480.68081	47679.04114	12516.18279	31255.08423
M262T450	0.791810492	0.29117967	22834.01945	281527.3733	150865.8197	136034.0312	227477.6438	189036.6181	155659.0005	138876.6928	130085.307	71530.45947	140800.5347	166898.4565	294772.2128	149592.9991	140895.5549	210409.1304	316845.2359	280869.0196	22175.83979	176093.1721
M300T288	1.850351788	0.024684995	5257.382594	2349.173549	2148.960497	3142.912246	1004.095631	1204.627071	2113.876213	837.6931218	1824.396045	2218.250656	1519.926998	1157.443091	931.3893391	1163.020569	1078.039373	1353.558792	1620.681672	1485.474753	833.1577022	801.721615
M289T409	1.82556454	0.002708841	5987.593106	9392.218847	5769.148034	8405.732492	9231.961816	7209.254587	5981.764882	3664.075408	6489.393704	7883.358707	1020.197954	3831.472406	4109.659302	2660.946477	6241.656888	4401.727792	5601.551872	7684.012099	2111.658076	689.3638119
M332T449_2	1.013005941	0.946307794	19370.15743	100520.0809	37189.44354	34534.19848	58916.12458	55656.59868	45443.96561	26097.00361	43903.75737	49777.60848	42193.46618	44548.15359	56580.70959	47483.19037	34984.68896	35740.92764	70979.90267	73833.99816	19034.51622	39976.98564
M846T507	0.734809232	0.473212798	621.4480131	6210.619519	2144.632529	4914.694766	4086.423739	3483.138013	4816.145149	2613.484839	11736.20541	5714.112062	3689.817349	4099.843553	9840.513038	3427.292729	3304.529886	6397.938048	23625.90797	3479.093022	383.0585623	4817.223387
M487T449	0.517150477	0.12910512	4990.989247	75785.47247	34502.54354	43110.27965	36604.73638	38722.84124	56195.86149	59154.21844	61841.21593	49364.21848	62647.62583	46988.57315	200833.8744	56295.20719	28444.31358	86555.52561	275635.7401	46961.64289	13399.03004	72254.81131
M288T321	6.807268851	0.376716361	330677.4058	3989.118716	1579.176615	1706.404896	2257.657011	1322.924786	2071.538564	1501.01595	2351.826157	2315.202422	1367.627679	1489.940847	18619.7892	1382.418182	996.3724487	2147.304586	4416.778247	1553.537701	3325.333606	16083.07126
M151T53	1.429572887	0.566721522	1601.693935	17557.78999	6087.265992	3730.142977	6657.741782	3211.075991	4282.254749	3222.152376	48111.48518	3781.013019	6112.227291	3858.218921	3971.463531	2223.707586	2477.026361	4011.80312	5130.047805	26447.27983	11721.30158	2768.579864
M260T508	0.935687	0.878658506	3022.14436	5209.92207	1208.270214	4545.30217	3069.523981	2564.631656	2179.102509	2255.669372	2820.344414	2554.023937	1479.93448	1271.261012	2976.593638	1551.076851	2625.08062	906.416271	3738.439058	14064.16326	2364.290496	474.431355
M313T217	1.015519909	0.937640521	4309.96006	5019.853422	3467.804991	2272.985981	3890.592921	5861.849968	3399.740886	3017.849111	8089.428014	3527.121985	3041.487384	3901.576346	7486.121472	3608.806861	5666.007953	7105.811236	4352.659784	2004.290306	1437.954717	3597.496775
M210T327	0.967521746	0.899156312	9764.243611	4197.902774	2229.189553	2919.568657	3898.189651	3593.614019	2335.242774	1303.629732	926.7099478	2120.372267	2901.587254	2555.599297	3994.398011	3620.100127	1888.713981	2292.682873	5637.550511	3424.368065	4777.99095	3313.122393
M282T276	1.319631891	0.202146273	5545.500048	190795.6233	155753.7484	100793.1422	146554.8836	95095.93512	108993.0405	119486.9925	70536.82434	174300.813	88452.8673	80427.91555	117185.781	104322.5686	45147.91839	166281.8229	87993.1741	99722.98909	15489.61748	79961.91753
M161T522	2.077114326	0.12946311	5580.693303	78996.58194	40906.20912	395783.9416	69608.72281	59166.70571	257884.719	64584.88546	228124.5983	93635.65924	61770.14101	36151.49807	45578.61287	27103.32749	55414.22332	165786.9695	28069.34134	146475.9783	20192.21817	36568.65712
M189T513	1.038498403	0.801137852	12725.6755	165579.1539	117347.2769	136678.8833	125168.6434	99335.70731	128818.8017	121590.0982	103276.4199	150306.3213	120712.8887	159532.1658	111624.5534	86373.59848	151482.3196	99645.35844	131600.1755	125365.6294	49779.49075	81677.52893
M225T256	2.879589988	0.001702474	28136.09828	18557.85338	9783.258878	7624.304295	16717.54578	14171.27036	13073.04635	5504.409472	7460.77058	8247.733503	4720.923365	5916.040038	3075.717605	2419.521945	6397.014116	5029.607416	9369.296959	3915.772982	2184.226289	1865.87163
M217T365	1.327687235	0.121613058	3921.603639	39549.80756	20440.65771	21379.13199	25489.60029	22311.3419	20797.94229	15722.00717	24759.81484	26518.11158	22552.584	17003.16544	17430.25729	14122.05946	10910.64188	15570.8998	24034.76921	24590.48116	7369.785414	12787.38522
M810T172	0.665578534	0.279004476	1376.177416	48502.13391	11981.27638	13044.02435	14917.27231	18280.82065	21196.64719	12546.16445	4141.774396	9308.043604	15158.41504	13642.42166	15125.18633	12208.81807	18916.23871	8739.918761	16906.18714	60818.89934	52141.49505	19664.75046
M219T502	1.292637221	0.08022593	7292.100136	5061.034617	6294.912865	9870.525333	7497.574787	4732.610153	7845.937964	4272.719615	5692.697531	2828.018048	3501.085578	4733.608365	5144.932493	4293.932621	4326.521669	5744.964486	4870.074132	7067.248832	2710.550131	5097.692393
M664T437	7.589498746	0.331675847	214938.1192	3392.056972	2148.262641	4708.301303	2866.700009	1983.396161	3250.658338	2295.651827	2830.435573	5114.640711	2505.994692	2180.518428	1649.440032	2448.152881	1839.379704	5783.666292	3882.12227	9274.99033	695.9763689	1827.282948
M163T231	1.317254469	0.099514789	8780.863864	23791.58021	15898.17607	8940.492958	16825.86118	29227.56221	13005.85589	18451.76841	11284.75204	13675.25032	8162.540505	14673.20841	14443.74542	14264.00314	9154.884934	14210.58283	14446.38382	12252.91859	9280.309254	10486.72827
M106T60	1.344659502	0.039903509	46225.61146	112817.5327	79514.34137	108412.3153	83610.63645	53975.96513	87805.50475	77477.1712	104499.8155	95010.29103	63982.39192	77476.02142	44223.05343	61287.43267	66096.74558	101847.8041	69910.33521	72252.79991	17415.61499	57154.08995
M148T85	1.69801515	0.064447569	36607.25743	18038.29414	13216.12144	7452.362314	18490.64856	4672.764607	20174.72908	12030.51612	10039.73	10539.24285	13843.93709	11486.23926	7304.136943	16286.47183	7457.604284	7869.563378	7906.975952	6040.949115	1121.48477	9764.096138
M133T493	1.003439076	0.985380767	3439.087033	15717.3787	27790.46419	11143.89518	24065.64265	8949.257899	8032.469991	13663.34712	12744.48504	13924.50254	17668.96904	16389.72589	14187.04217	10192.79408	19072.30015	17561.55534	10707.90499	8467.715908	12262.75246	12481.7644
M146T105	0.88696997	0.558105834	3110.574133	11928.55933	17734.95328	9663.584038	14898.43975	8777.948377	14448.96641	10334.96548	18428.34029	13422.36426	15373.86708	15796.73454	12448.18071	29939.48948	8424.938021	11570.25761	19867.08161	7706.081369	7965.661249	9298.746961
M757T125	0.94017535	0.838788984	79442.40137	1396818.154	425429.2974	157703.5854	512297.3253	483842.3747	711131.4072	1239523.859	62207.90676	217009.6257	459117.3715	334052.4924	897328.3633	747953.7755	329267.917	387332.0192	555998.5893	654770.5665	384586.1535	871316.3324
M212T268	1.292453255	0.232903524	2522.712052	12047.5701	6081.38963	4675.202659	6678.591833	5302.145962	4597.255043	9336.886776	10393.3864	6334.578006	3026.881241	5704.477973	3617.832902	9110.383287	4797.408961	9645.799813	5968.281374	6121.640633	1517.00633	3079.979386
M335T37	0.769471	0.238384692	20978.56642	32984.50275	22130.38057	25471.3418	20263.794	31461.95546	10481.37312	14119.56527	8903.460022	24044.04147	14263.80093	23473.95066	39962.2845	12550.6752	11957.92142	25273.9281	53271.79602	27302.58237	44918.77308	21029.3909
M237T208	2.307367959	0.002576947	13532.53364	17095.03528	6756.178667	5536.28201	14144.29748	6364.606504	9620.825307	4086.417343	8900.882662	6829.421881	4208.815694	5817.128988	2120.163203	1975.6741	7247.399559	5407.426537	5952.527567	4159.548675	1054.093769	2305.020454
M322T309	3.276412963	0.040989973	23796.03219	9079.281491	4441.602298	3502.713765	7970.440848	3551.107346	4636.88426	1947.082224	3282.258109	3318.140601	1586.485054	2626.068515	1154.177368	1005.625658	2745.45593	1401.071136	4113.347699	3081.700056	1342.124026	943.1155653
M294T262	2.754774345	0.003890516	8894.975872	7054.974404	4335.036315	3867.14261	5293.209075	4481.355942	2394.742819	2028.745817	11383.58529	12655.34193	1638.675238	2451.579619	3203.688626	1166.158029	3590.822994	2678.79859	2950.208565	2903.297732	679.7767541	1384.62384
M223T232	2.191066367	0.026698184	8702.645156	91723.1165	38352.67658	53805.94099	74081.01937	40677.83729	46588.18128	22360.84896	17170.75629	13809.89892	19551.39186	30209.68727	11260.6924	7610.402615	28511.46223	19052.32997	34890.9143	20111.83273	1047.173152	13632.97474
M95T296	2.047434115	0.010436244	1808.300241	1904.397864	2177.156365	6717.071366	2804.774582	3492.430976	2077.079613	1575.822848	4498.590884	5222.052992	1705.943883	1692.471807	1107.561926	1060.089445	1286.31938	1515.40047	2322.674514	2809.497699	1044.855501	1220.12623
M119T34	1.108578669	0.192723887	144211.2349	215553.7221	139522.4829	243608.6906	218910.2617	192479.8523	249763.1097	215601.1791	221738.5002	233713.5589	157547.1064	203382.9793	164206.3222	134616.1936	183584.1985	203463.1471	225674.8876	208625.2733	209914.1326	180844.4289
M267T213	1.555624878	0.060222402	10736.11688	9615.068085	4490.95952	4590.307952	8474.954694	5190.981147	5813.993261	1429.30216	6619.16621	3200.750375	2407.204244	3228.92725	2527.173373	1570.82774	6541.331149	4155.537082	5307.006875	6531.934515	3822.33982	2581.308961
M351T292	2.703914835	0.031574687	40353.37912	10782.75562	7805.872741	14788.14356	11256.61442	8441.691793	6130.937838	2350.732836	10695.7487	13061.29023	3407.047199	7500.192296	2137.364816	2681.138922	3810.156936	6932.490252	9481.80393	5912.554086	595.6036376	4017.655681
M265T221	1.163130066	0.644329801	17481.77436	4277.775945	2303.803263	4637.60672	3131.747019	4226.590794	3851.74888	4347.960307	3437.298653	5804.029846	3150.01954	2981.954949	2896.904002	2974.116546	3815.653696	4797.514076	5644.997149	11386.52766	4114.134215	4235.042444
M184T466_3	1.202761596	0.258078528	765134.6029	7251496.596	5680371.33	6433119.238	6616962.323	5664783.519	5711638.273	6689113.384	5926280.668	6719996.18	4012107.054	4654026.343	4870488.231	5079067.21	6668625.9	7701519.5	4182690.882	5821348.946	650498.1924	4132100.959
M304T274	1.167162585	0.614786818	5532.360556	6257.234274	3540.681657	3821.005256	2987.263104	2176.413399	2569.453544	1278.974107	4830.112225	4835.125377	1017.832487	1214.284854	3003.914643	3413.408804	2878.76809	10452.87643	1676.366856	560.9362037	2371.239476	5821.129663
M187T330_2	1.47772408	0.24792685	28113.46191	5733.48969	54343.89512	159156.3193	36564.71698	45467.08181	42810.61371	30995.19903	81275.85184	67533.1111	34943.94324	64933.66116	10695.25954	46003.70783	36357.09434	42571.96422	26281.99804	75486.84805	8092.699216	28175.99656
M230T365_2	1.97655791	0.008408432	5881.064136	35417.15212	12667.47492	33207.16084	28379.07842	14891.48244	23908.35988	14865.11904	13469.26627	31844.67961	13208.20623	13146.99326	13027.77477	8299.38362	10492.37342	6433.273889	18634.75402	14554.51952	2723.766971	8016.547127
M231T422	1.479452354	0.061629569	57316.44131	109229.6445	51366.59358	149222.5695	76653.23009	43041.38425	65243.64514	52853.26531	65909.30179	102917.6606	39254.73011	52884.85439	66531.61046	48525.08137	42965.96743	71753.94038	53281.24187	93764.14568	12416.71974	41621.81344
M253T370	2.03942667	0.008127819	39589.85536	53823.59868	18753.38182	26199.08657	61207.10467	30790.84531	36085.29463	12416.98636	37061.09757	27386.07124	9115.936085	22333.13041	14920.74506	10302.4528	13763.77264	12378.56802	31428.47919	40086.15816	4521.425826	9487.486504
M246T374	0.486848466	0.029633008	1273.973434	30718.48588	10482.779	4037.236706	8162.302467	12639.12014	9236.448977	35154.66264	3812.461439	8415.020316	23317.48121	13781.80212	38723.11674	12657.16311	9213.981647	25713.89243	42267.37591	47279.11576	25109.50778	16497.27302
M353T106	0.364927006	0.066348199	7884.449217	8362.594622	10945.56581	16398.24327	10503.18105	6554.22683	10617.58038	14247.1675	7663.256836	13561.99599	9394.933486	11625.41326	11015.82947	19417.12605	10155.52824	27771.2634	100409.2558	15590.33623	22637.90277	64474.49776
M302T241_2	1.707623017	0.013698853	15489.85043	25712.21678	12474.93956	11531.86532	29509.59842	11968.82328	13755.75797	7792.512066	14948.33292	8384.737345	8354.068467	9177.668882	10362.17328	7046.992394	9922.561677	11865.11943	10201.39675	7166.526792	7717.223423	6946.277754
M279T272	0.838847282	0.702003023	4822.324029	9388.680855	3334.809478	2910.511757	7786.113456	4433.720241	5375.283798	2593.852508	6659.823154	5060.256114	1404.811933	2328.034567	1520.989115	19768.04803	3178.983053	3125.501209	3220.880048	3611.400148	22415.85391	1850.895908
M215T325	1.087074002	0.680110871	7521.828889	26938.76065	27064.09589	12415.68099	18785.27	8775.235131	12956.69522	17190.87969	25461.93151	12882.04027	22731.89923	12309.31648	10954.40239	20919.69435	26200.48784	13986.21838	7278.559693	23654.72252	6006.176628	12334.64585
M109T458	2.695704305	0.029569827	1706.803503	34115.26648	23648.65384	38294.23226	9697.919965	6354.792258	6980.455955	5977.15697	45458.10824	16546.16547	5062.31354	6707.71945	3778.596945	10693.36416	10832.11846	10045.95777	6923.341354	8499.855059	1584.530694	5901.973473
M377T213	0.964130596	0.899410779	1113.739763	5389.910218	2559.511278	5414.572781	5959.937652	3927.429657	4187.578168	3662.983773	2227.578469	5143.284589	1522.965346	3144.291726	2220.989227	1758.734805	1137.508031	4804.053762	9302.281469	9385.894246	1145.383535	6637.196765
M359T100	1.355874281	0.045397251	66607.41609	61171.61623	59042.47689	46783.27843	55024.42811	18533.73989	50128.82333	38663.05796	45969.33414	37658.45834	40182.77563	46852.23525	40818.84288	43237.0374	39611.97858	44745.53536	35868.01869	13321.26542	13404.60906	35665.00057
M385T379	0.815250478	0.351823685	75271.55217	136434.2638	68146.97547	106445.76	195909.4024	120700.9404	79289.81147	107236.3387	88479.4361	139696.2196	235660.646	199910.8633	65149.11073	84186.59778	243264.713	159198.6679	89137.071	163055.2922	25755.18866	105562.0021
M177T425	1.7341429	0.013956188	5842.837567	3466.110811	1656.318692	2023.681306	3723.394754	3068.64857	2506.310346	1755.160458	1771.967658	2309.203943	1836.44239	1591.570662	1354.485361	1150.307402	1586.493763	2287.826686	1261.856397	2446.871274	1826.659673	875.0853578
M221T421	1.793916609	0.00612812	8579.63733	11797.94412	6130.611853	14731.43968	12308.75414	8938.986061	5537.800486	2642.499287	9440.377473	10203.43937	2802.343413	5694.150201	4493.064981	3259.568914	3834.549743	7767.886487	5955.450713	8762.812861	3825.619927	3947.745606
M253T245	2.745717198	0.00052066	21195.83815	14293.38479	7433.613428	27886.3595	12158.44896	9487.724464	18589.88253	7189.697576	21965.252	19983.06703	7756.435252	6371.975251	3436.699675	4477.604194	7108.198012	4979.658294	12699.95181	6053.670977	789.0379149	4666.086504
M216T389	1.547247339	0.03608287	10212.19991	113089.2039	61270.3422	86553.5786	53798.07191	55531.66805	74258.17611	43483.78047	67039.87261	78366.75279	33732.10795	35012.02376	36174.97251	56880.2107	42841.37921	58582.15859	47502.91317	61639.15052	6374.756823	37227.20578
M795T86	1.056082863	0.843913349	47676.13371	482828.0801	137714.803	123815.9196	352105.0369	200494.0004	351503.4143	129990.2572	75882.05523	118958.9928	108769.9211	133236.0736	148640.7979	133202.8294	366827.0038	202901.2111	232172.2994	299301.2483	73840.644	214753.9216
M667T489_2	0.510665033	0.162108283	1521.987614	26682.37333	9670.287715	12490.76614	9963.090986	13006.14427	18187.24734	19355.22496	29305.98727	18614.85603	19365.61671	13976.65804	78621.53431	19557.29769	5890.965199	27392.89806	99196.34857	16337.63695	1925.133407	28698.9793
M428T165_2	0.460959742	0.133542383	61331.35287	133360.3239	672958.0922	99236.99384	631599.4933	263192.7832	420683.7623	1097060.101	139174.9707	162015.5068	664425.2552	838247.2759	1185237.644	2884843.834	499531.4749	561231.1838	482482.4029	135316.6341	93500.11868	639858.4228
M265T338	0.880142636	0.541856305	89755.39003	215560.6944	106455.168	92089.29655	124246.0669	126197.9512	162480.122	78976.09363	106513.2138	142561.0448	103490.5248	179689.0924	76620.22388	105426.4263	175631.486	138555.695	332006.4517	127319.1511	87793.88765	87823.08697
M759T124	1.093569895	0.764131384	3202552.634	45824488.3	15530844.36	7496189.635	23980851.92	21297675.63	20225418.47	23278585.88	3433991.789	7552772.594	13302520.59	11825229.47	25504081.9	10345448.38	10839049.75	14976895.18	15585884.12	34407397.82	7773503.945	12561515.36
M235T411	9.733317852	0.298333994	757324.6701	22457.75182	11397.41361	15305.36987	23933.82766	15747.9546	19071.97586	4935.936972	10079.88633	6941.276208	6360.724886	9887.869853	5543.037945	7454.964065	14330.57463	16814.19251	11545.76912	9850.764587	1074.155321	8288.372512
M249T408	2.482125695	0.23941583	124579.6927	8592.203892	4540.104031	11849.25305	8549.619845	7310.098874	7120.729754	55035.65771	8199.262486	11059.77448	7319.584218	9370.040063	5356.062593	8754.889488	13638.36685	7728.574328	18771.9326	13207.68725	6860.291125	8438.138383
M257T355	2.264524094	0.033968443	33585.27591	25921.90907	4941.027576	17734.66256	29922.52449	7300.161615	10308.7824	8299.248736	6095.688238	7799.387182	4559.167513	8772.330266	5114.222726	3507.642675	5108.996621	5264.57328	13556.05404	15314.99341	2285.824115	3598.134629
M221T319	1.546600274	0.031333954	6972.786999	3973.940186	2355.896942	2566.913665	5522.794711	2817.919204	2834.569406	2560.68997	3214.953092	3042.028485	3532.843703	3080.427178	2925.295644	1021.473725	1911.262218	1677.512273	2547.551814	2548.653936	2653.279921	1289.651422
M127T72	1.127794955	0.534547708	7992.634003	4692.971569	4961.834498	7075.87061	4983.279792	1123.912013	4869.169298	4396.130075	3379.432438	5410.369421	5378.183841	4060.873112	3229.091623	2653.182115	8749.730394	4083.822208	2702.905323	6449.761153	2001.977723	4036.653043
M147T317	1.080821217	0.842795518	2168.423292	1604.042902	1715.692277	1779.056034	5382.484168	735.2050417	986.1055724	1480.674726	1570.186105	2254.973865	7139.459555	1263.201355	721.2356988	1153.154858	1602.523618	2200.380741	911.8753887	1114.042292	676.8503529	1422.732956
M76T329	4.398074207	0.001620897	774.3385295	14793.54893	4899.286956	10890.60098	33181.7997	18116.96562	27360.54502	10664.4441	21676.96059	20184.03188	13475.99825	3794.879753	1523.448153	7707.663514	3593.94416	2039.748567	612.7031326	1430.24905	1972.859605	806.1637928
M327T39	0.13969563	0.29790158	83262.13911	84778.94174	58309.00348	31727.23917	68176.61664	55783.26626	31850.68978	94069.62853	24348.54066	20468.4296	110296.3555	66649.8726	65121.57337	50180.50642	138346.6722	29590.99836	75676.89559	43116.67487	127070.3618	3250942.112
M405T469	1.773852217	0.199511534	12403.84023	37837.72425	17852.95446	37344.63289	30415.28171	23428.68035	20686.83319	145696.8441	24883.59899	41703.04631	15113.3529	18754.99828	27991.05418	17813.01556	15148.82889	24753.4274	22480.84787	53982.01831	5904.455591	19188.84425
M383T291	1.776141116	0.05990797	5964.477713	2625.573241	2675.477273	8075.930325	2095.731844	2739.681467	1803.859846	1623.257968	3238.910188	4054.043053	1313.654153	1427.754948	940.0758251	1359.427152	3259.939254	1690.766138	5010.243028	2100.106998	1285.459877	1260.191048
M253T44_1	1.567803694	0.106710724	23892.54238	48708.72855	28780.64379	6932.98989	48279.16126	18021.84169	26961.84096	21539.42629	5571.864617	9832.004379	11125.96872	14156.64686	24441.11185	16119.73573	15519.47287	17518.48415	21680.03865	8389.970176	11105.25753	12080.37296
M296T103	1.501641667	0.082694371	7701.278503	17609.23356	13628.61909	10927.20367	14227.0496	1295.643486	7045.624653	5605.822506	11745.89107	13944.29809	8057.137727	6807.178155	5196.466255	5842.785501	9540.317251	7821.717786	14299.39351	2474.540204	2921.364265	6117.273277
M310T291	1.600647834	0.12268743	4219.628669	10428.68737	5478.73867	22516.53332	6144.123442	5161.740076	6386.783066	8910.290365	4498.383294	8097.817216	3311.163067	2549.581901	7134.842912	4346.525641	2409.816057	6885.047341	10597.44386	5222.147155	3069.754864	5604.677892
M295T265	0.737436008	0.227837339	2101.320904	1524.304228	986.7603744	1254.80636	1165.557937	1652.761878	1891.705072	1516.722699	986.3337985	3458.415406	1416.024213	1502.156853	1564.799784	1080.389085	1734.184412	1766.453602	2528.346242	5426.56372	3415.268185	1993.100442
M329T190	4.035619633	0.040294077	39824.70018	10405.25202	2866.775132	22367.02176	7100.520182	6954.559497	4239.740048	1266.765328	9259.446406	7248.897092	1882.664764	3548.83188	641.3243142	698.8241242	10663.80032	1106.5235	3619.609304	2169.717801	2804.488438	501.5272407
M247T377	7.129236144	0.259217256	175209.1572	4934.989776	2789.948577	5270.217508	4641.614662	4779.45861	3960.031312	8686.414569	14466.55889	5022.22866	531.5360329	3622.240552	1019.77353	1802.375205	3046.707789	4607.974908	3779.15862	5394.858485	3561.641571	4861.676824
M113T160_2	1.373897271	0.128535337	8314.365945	492844.7996	464517.104	316148.0036	603074.2534	236370.4772	421378.5156	322138.4851	330540.3785	323863.4511	321034.6978	312685.4647	161827.0226	311719.7598	232982.8656	423346.5005	277284.8746	185046.9165	65371.63407	270165.3074
M245T159	1.297350461	0.185114984	483.0465738	43449.54084	33865.06518	26196.77666	45778.20449	19541.71342	34070.28643	27134.06603	27816.89601	25672.77111	24861.2326	25391.1471	13785.33091	24206.93954	20264.79131	35879.70688	25865.10369	16835.94581	7467.404245	24356.5427
M189T39	1.590744457	0.069152933	12773.62279	52769.21984	31054.09993	12975.96437	60774.59066	38107.62591	55139.9582	32599.14024	18362.18838	26146.00997	41105.01204	21497.60396	22593.19292	11347.73289	15903.74558	18004.42888	41690.01804	11991.10521	14576.64388	15468.48762
M274T352_2	3.028838062	0.11116556	158745.946	33179.37358	15154.91281	23930.69362	38993.29669	22735.67096	20094.1001	11804.18163	11011.88596	22157.67405	5692.280898	15647.86582	6707.996186	3828.445569	12203.46422	9277.038315	23461.96983	34283.7762	2979.695714	4051.130399
M232T310	1.747147439	0.02148893	4376.325256	2551.630409	1813.068632	2221.397733	2181.564313	2706.893664	2003.772098	874.5817957	1955.28897	2511.920184	1161.206911	813.5324587	900.1476005	1121.422	646.6963817	1362.575078	3362.051421	2388.830498	756.4333709	763.856168
M233T404	1.587137992	0.199211667	5312.072689	19237.00578	14093.92914	14620.89781	26627.04607	21934.01139	20488.61451	4820.403138	20204.97572	19319.28206	44031.96858	4995.957222	3936.840208	4012.414856	18925.86067	9659.59957	3164.094409	10239.33185	2478.574009	3560.871172
M247T408	1.354335824	0.196733192	4827.832941	6738.238513	5192.650645	6374.656664	8707.825509	2937.833709	4259.307113	6084.11568	3857.419444	11862.49344	4955.895499	2944.464202	3816.385431	5963.082585	9932.431019	6822.875141	2650.436035	5297.939645	775.8413005	1764.790256
M255T313_2	2.367139285	0.000539101	20435.8398	27186.78788	9822.48771	16918.97528	28029.44022	12304.82474	15697.97676	8087.473651	17210.08204	16787.56716	8064.250227	8834.189372	3552.730357	3405.364779	12535.87504	8439.716748	11136.48304	9767.873565	1905.661303	5222.79273
M265T183	2.246704332	0.105416225	73858.8615	14948.01917	13485.94295	24432.97767	17572.23465	14334.9952	9463.649021	5094.869009	14109.83951	9612.131172	9583.719846	7784.884463	4750.847582	3410.286923	13578.26095	4616.879051	8413.48554	13309.31782	17315.52072	4882.295019
M281T218	2.230528339	0.009391786	18381.21864	24927.83354	10664.12492	15180.66821	25304.62785	7362.988492	11459.67064	3471.4938	12477.81746	10549.23715	4994.336823	7151.924399	4034.785888	2435.47558	12804.46087	3387.83526	15317.96876	4306.544212	6404.53188	1828.760321
M217T213	2.5791546	0.092218346	17252.56018	4842.399159	2659.509189	2044.324107	3891.332018	3336.239061	2596.374167	2018.627831	2484.532226	2215.228472	1843.409612	1749.322023	1211.554289	626.0374728	1819.313835	2201.957367	2199.765535	3642.608899	432.1973075	1078.226237
M153T219	0.534291909	0.116478255	228.1827755	1582.129502	1487.101194	4696.182666	5782.951289	8343.619816	1197.223065	27283.88023	13183.12434	15580.11686	7336.987609	4695.210045	25172.10125	18312.01469	2788.761231	9699.052636	26429.7112	30831.14018	6107.836798	17168.66581
